+9.98941631E-0 +3.06147303E-01 +2.20535324E+02
+9.98939564E-0 +3.06214225E-01 +2.20553682E+02
+9.98815898E-0 +3.06202823E-01 +2.20565898E+02
+9.98775125E-0 +3.06240828E-01 +2.20572254E+02
+9.98837460E-0 +3.06289571E-01 +2.20599369E+02
+9.98821467E-0 +3.06284776E-01 +2.20611206E+02
+9.98937365E-0 +3.06303568E-01 +2.20626567E+02
+9.98897997E-0 +3.06345884E-01 +2.20639533E+02
+9.98890125E-0 +3.06350117E-01 +2.20650536E+02
+9.98795163E-0 +3.06369056E-01 +2.20671558E+02
+9.98847480E-0 +3.06385928E-01 +2.20678183E+02
+9.98697586E-0 +3.06398637E-01 +2.20692268E+02
+9.98755647E-0 +3.06453007E-01 +2.20703487E+02
+9.98865430E-0 +3.06526850E-01 +2.20721333E+02
+9.98726587E-0 +3.06500159E-01 +2.20734286E+02
+9.98740800E-0 +3.06494413E-01 +2.20762564E+02
+9.98631307E-0 +3.06510244E-01 +2.20748701E+02
+9.98650709E-0 +3.06504528E-01 +2.20712072E+02
+9.98662506E-0 +3.06565628E-01 +2.20657807E+02
+9.98540460E-0 +3.06524199E-01 +2.20602525E+02
+9.98731531E-0 +3.06604506E-01 +2.20513016E+02
+9.98760437E-0 +3.06625925E-01 +2.20415887E+02
+9.98744808E-0 +3.06613473E-01 +2.20298403E+02
+9.98710855E-0 +3.06640784E-01 +2.20172534E+02
+9.98774382E-0 +3.06657617E-01 +2.20052555E+02
+9.98663769E-0 +3.06669316E-01 +2.19912226E+02
+9.98756050E-0 +3.06683750E-01 +2.19806367E+02
+9.98638645E-0 +3.06675790E-01 +2.19675714E+02
+9.98752536E-0 +3.06723008E-01 +2.19557516E+02
+9.98623839E-0 +3.06738700E-01 +2.19455150E+02
+9.98738257E-0 +3.06768679E-01 +2.19330812E+02
+9.98671059E-0 +3.06789550E-01 +2.19215746E+02
+9.98760536E-0 +3.06816515E-01 +2.19105171E+02
+9.98767269E-0 +3.06823564E-01 +2.18995770E+02
+9.98894151E-0 +3.06946450E-01 +2.18902180E+02
+9.98875174E-0 +3.06924844E-01 +2.18798258E+02
+9.98885463E-0 +3.06964343E-01 +2.18692041E+02
+9.98842711E-0 +3.06953528E-01 +2.18604287E+02
+9.98819063E-0 +3.06976518E-01 +2.18515046E+02
+9.98882531E-0 +3.06991723E-01 +2.18423184E+02
+9.99031180E-0 +3.07072580E-01 +2.18340267E+02
+9.98876722E-0 +3.07041060E-01 +2.18270647E+02
+9.98773587E-0 +3.07061342E-01 +2.18186221E+02
+9.98879148E-0 +3.07103870E-01 +2.18109805E+02
+9.99011017E-0 +3.07145439E-01 +2.18037596E+02
+9.99198027E-0 +3.07235313E-01 +2.17953537E+02
+9.99189876E-0 +3.07223816E-01 +2.17887797E+02
+9.99230216E-0 +3.07254490E-01 +2.17817823E+02
+9.99146787E-0 +3.07297497E-01 +2.17745954E+02
+9.99233370E-0 +3.07322341E-01 +2.17694871E+02
+9.99355164E-0 +3.07347182E-01 +2.17634221E+02
+9.99242765E-0 +3.07330780E-01 +2.17589680E+02
+9.99188372E-0 +3.07314114E-01 +2.17545528E+02
+9.99297532E-0 +3.07347350E-01 +2.17516927E+02
+9.99266857E-0 +3.07355108E-01 +2.17470043E+02
+9.99357577E-0 +3.07379090E-01 +2.17433137E+02
+9.99444183E-0 +3.07391269E-01 +2.17412139E+02
+9.99560125E-0 +3.07421221E-01 +2.17384696E+02
+9.99326035E-0 +3.07359377E-01 +2.17358569E+02
+9.99376383E-0 +3.07417243E-01 +2.17340786E+02
+9.99226170E-0 +3.07396865E-01 +2.17305935E+02
+9.99346966E-0 +3.07435250E-01 +2.17293596E+02
+9.99274214E-0 +3.07406043E-01 +2.17264737E+02
+9.99180270E-0 +3.07397827E-01 +2.17248755E+02
+9.99232743E-0 +3.07403028E-01 +2.17227223E+02
+9.99189600E-0 +3.07396467E-01 +2.17186713E+02
+9.99324734E-0 +3.07417668E-01 +2.17176172E+02
+9.99174163E-0 +3.07411168E-01 +2.17162882E+02
+9.99320965E-0 +3.07435610E-01 +2.17146299E+02
+9.99300274E-0 +3.07476798E-01 +2.17117015E+02
+9.99311288E-0 +3.07470416E-01 +2.17109912E+02
+9.99332635E-0 +3.07481840E-01 +2.17092215E+02
+9.99493724E-0 +3.07502475E-01 +2.17094450E+02
+9.99463931E-0 +3.07503061E-01 +2.17103139E+02
+9.99594699E-0 +3.07538412E-01 +2.17111521E+02
+9.99577800E-0 +3.07526473E-01 +2.17112078E+02
+9.99489128E-0 +3.07510715E-01 +2.17133964E+02
+9.99431397E-0 +3.07476061E-01 +2.17134079E+02
+9.99509274E-0 +3.07486343E-01 +2.17148558E+02
+9.99454128E-0 +3.07494123E-01 +2.17169484E+02
+9.99412126E-0 +3.07476127E-01 +2.17183903E+02
+9.99600714E-0 +3.07514629E-01 +2.17209964E+02
+9.99599763E-0 +3.07467684E-01 +2.17228357E+02
+9.99611075E-0 +3.07492350E-01 +2.17242531E+02
+9.99332620E-0 +3.07427100E-01 +2.17262196E+02
+9.99527182E-0 +3.07444481E-01 +2.17265414E+02
+9.99370261E-0 +3.07428408E-01 +2.17297048E+02
+9.99417803E-0 +3.07391050E-01 +2.17303760E+02
+9.99379198E-0 +3.07403613E-01 +2.17313288E+02
+9.99414522E-0 +3.07436694E-01 +2.17333180E+02
+9.99364894E-0 +3.07388918E-01 +2.17344887E+02
+9.99374296E-0 +3.07411016E-01 +2.17355223E+02
+9.99428859E-0 +3.07323877E-01 +2.17351665E+02
+9.99232395E-0 +3.07305927E-01 +2.17360334E+02
+9.99378937E-0 +3.07345932E-01 +2.17374378E+02
+9.99363286E-0 +3.07298872E-01 +2.17382095E+02
+9.99401679E-0 +3.07291780E-01 +2.17373306E+02
+9.99303213E-0 +3.07250688E-01 +2.17385762E+02
+9.99252522E-0 +3.07225027E-01 +2.17392424E+02
+9.99264962E-0 +3.07233172E-01 +2.17397794E+02
+9.99067391E-0 +3.07198873E-01 +2.17389526E+02
+9.99197467E-0 +3.07177515E-01 +2.17388007E+02
+9.99205453E-0 +3.07169484E-01 +2.17397152E+02
+9.99227938E-0 +3.07222031E-01 +2.17389707E+02
+9.99160299E-0 +3.07229307E-01 +2.17390716E+02
+9.99281792E-0 +3.07139391E-01 +2.17384168E+02
+9.99354953E-0 +3.07192960E-01 +2.17389126E+02
+9.99272018E-0 +3.07161157E-01 +2.17383908E+02
+9.99381457E-0 +3.07182672E-01 +2.17393714E+02
+9.99323639E-0 +3.07137180E-01 +2.17379045E+02
+9.99272521E-0 +3.07103191E-01 +2.17372931E+02
+9.99010640E-0 +3.07055217E-01 +2.17374999E+02
+9.99062283E-0 +3.07050401E-01 +2.17361726E+02
+9.99194115E-0 +3.07075557E-01 +2.17366952E+02
+9.99229309E-0 +3.07069013E-01 +2.17362996E+02
+9.99178108E-0 +3.07042177E-01 +2.17358062E+02
+9.99293654E-0 +3.07081422E-01 +2.17349448E+02
+9.99174862E-0 +3.07025241E-01 +2.17345823E+02
+9.99224211E-0 +3.07020984E-01 +2.17348996E+02
+9.99319864E-0 +3.07013144E-01 +2.17333940E+02
+9.99220898E-0 +3.07055656E-01 +2.17334759E+02
+9.99374789E-0 +3.07058109E-01 +2.17324561E+02
+9.99390106E-0 +3.07048372E-01 +2.17316512E+02
+9.99369210E-0 +3.07035686E-01 +2.17313579E+02
+9.99317766E-0 +3.06975162E-01 +2.17316430E+02
+9.99130337E-0 +3.06917860E-01 +2.17297920E+02
+9.99332924E-0 +3.07012063E-01 +2.17295527E+02
+9.99405132E-0 +3.07004922E-01 +2.17294340E+02
+9.99506702E-0 +3.07033800E-01 +2.17295585E+02
+9.99663238E-0 +3.07036821E-01 +2.17274910E+02
+9.99562470E-0 +3.07006445E-01 +2.17283748E+02
+9.99437627E-0 +3.06963485E-01 +2.17264156E+02
+9.99637066E-0 +3.07039391E-01 +2.17251901E+02
+9.99764579E-0 +3.06992130E-01 +2.17246238E+02
+9.99513723E-0 +3.06941786E-01 +2.17241710E+02
+9.99503287E-0 +3.06905684E-01 +2.17238503E+02
+9.99361815E-0 +3.06908325E-01 +2.17227269E+02
+9.99446812E-0 +3.06900964E-01 +2.17219626E+02
+9.99379267E-0 +3.06898077E-01 +2.17217006E+02
+9.99495403E-0 +3.06887188E-01 +2.17219836E+02
+9.99468908E-0 +3.06825851E-01 +2.17203860E+02
+9.99316998E-0 +3.06838494E-01 +2.17200119E+02
+9.99487464E-0 +3.06871189E-01 +2.17197382E+02
+9.99351780E-0 +3.06819144E-01 +2.17189209E+02
+9.99460980E-0 +3.06799191E-01 +2.17173817E+02
+9.99506469E-0 +3.06823759E-01 +2.17156321E+02
+9.99613336E-0 +3.06848199E-01 +2.17157174E+02
+9.99496395E-0 +3.06806397E-01 +2.17156562E+02
+9.99461475E-0 +3.06777833E-01 +2.17140512E+02
+9.99405396E-0 +3.06771289E-01 +2.17143022E+02
+9.99258288E-0 +3.06742930E-01 +2.17136689E+02
+9.99408439E-0 +3.06698888E-01 +2.17129781E+02
+9.99183969E-0 +3.06656065E-01 +2.17111074E+02
+9.99118226E-0 +3.06660822E-01 +2.17114765E+02
+9.99403449E-0 +3.06680439E-01 +2.17118302E+02
+9.99258355E-0 +3.06683710E-01 +2.17099689E+02
+9.99398414E-0 +3.06663390E-01 +2.17087636E+02
+9.99553943E-0 +3.06726884E-01 +2.17085960E+02
+9.99485494E-0 +3.06712303E-01 +2.17090127E+02
+9.99647668E-0 +3.06762219E-01 +2.17075826E+02
+9.99833058E-0 +3.06787210E-01 +2.17075673E+02
+9.99949601E-0 +3.06797682E-01 +2.17066156E+02
+9.99895133E-0 +3.06761883E-01 +2.17060930E+02
+9.99913255E-0 +3.06777245E-01 +2.17062252E+02
+9.99803954E-0 +3.06701141E-01 +2.17045960E+02
+9.99846226E-0 +3.06753490E-01 +2.17048834E+02
+9.99878917E-0 +3.06759926E-01 +2.17034691E+02
+9.99946216E-0 +3.06684619E-01 +2.17029357E+02
+9.99929763E-0 +3.06695190E-01 +2.17011782E+02
+9.99863824E-0 +3.06675057E-01 +2.16997013E+02
+9.99977236E-0 +3.06631475E-01 +2.16960013E+02
+9.99663671E-0 +3.06492643E-01 +2.16943602E+02
+9.99913757E-0 +3.06566688E-01 +2.16952995E+02
+9.99856354E-0 +3.06535413E-01 +2.16932080E+02
+9.99802716E-0 +3.06478939E-01 +2.16928601E+02
+9.99757152E-0 +3.06510990E-01 +2.16929774E+02
+9.99737469E-0 +3.06489556E-01 +2.16927896E+02
+9.99842887E-0 +3.06487497E-01 +2.16916734E+02
+9.99793597E-0 +3.06510817E-01 +2.16913568E+02
+9.99904981E-0 +3.06510841E-01 +2.16906467E+02
+9.99886699E-0 +3.06507083E-01 +2.16901857E+02
+9.99868655E-0 +3.06472331E-01 +2.16893790E+02
+9.99858995E-0 +3.06401377E-01 +2.16891184E+02
+9.99948155E-0 +3.06428114E-01 +2.16877583E+02
+9.99956433E-0 +3.06447889E-01 +2.16891128E+02
+9.99907808E-0 +3.06430715E-01 +2.16875454E+02
+9.99795240E-0 +3.06309432E-01 +2.16752479E+02
+9.99802813E-0 +3.06242668E-01 +2.16676251E+02
+9.99987779E-0 +3.06244415E-01 +2.16485958E+02
+9.99856683E-0 +3.06123450E-01 +2.16393869E+02
+9.99853195E-0 +3.06106917E-01 +2.16291986E+02
+9.99878500E-0 +3.06129483E-01 +2.16176557E+02
+9.99815756E-0 +3.06020516E-01 +2.16079902E+02
+9.99933000E-0 +3.06032906E-01 +2.15975208E+02
+9.99829473E-0 +3.05950806E-01 +2.15883534E+02
+9.99788618E-0 +3.05897608E-01 +2.15779805E+02
+9.99776651E-0 +3.05821346E-01 +2.15681257E+02
+9.99653416E-0 +3.05756589E-01 +2.15577214E+02
+9.99713888E-0 +3.05694813E-01 +2.15482058E+02
+9.99746164E-0 +3.05659104E-01 +2.15374285E+02
+9.99782600E-0 +3.05533822E-01 +2.15269539E+02
+9.99758409E-0 +3.05466239E-01 +2.15166374E+02
+9.99706273E-0 +3.05320232E-01 +2.15055752E+02
+9.99598649E-0 +3.05187847E-01 +2.14955043E+02
+9.99576377E-0 +3.05074530E-01 +2.14849131E+02
+9.99592538E-0 +3.05007943E-01 +2.14756122E+02
+9.99600930E-0 +3.04846259E-01 +2.14652089E+02
+9.99665696E-0 +3.04708901E-01 +2.14546214E+02
+9.99500488E-0 +3.04565512E-01 +2.14439544E+02
+9.99433377E-0 +3.04400822E-01 +2.14334356E+02
+9.99571545E-0 +3.04301258E-01 +2.14238592E+02
+9.99501805E-0 +3.04078229E-01 +2.14127528E+02
+9.99546465E-0 +3.03904667E-01 +2.14026179E+02
+9.99698738E-0 +3.03758037E-01 +2.13913988E+02
+9.99611683E-0 +3.03506319E-01 +2.13816189E+02
+9.99498970E-0 +3.03289138E-01 +2.13697983E+02
+9.99530170E-0 +3.03089627E-01 +2.13586658E+02
+9.99518371E-0 +3.02876074E-01 +2.13469347E+02
+9.99438277E-0 +3.02651206E-01 +2.13354743E+02
+9.99355658E-0 +3.02390645E-01 +2.13225763E+02
+9.99345554E-0 +3.02147515E-01 +2.13092485E+02
+9.99224584E-0 +3.01881972E-01 +2.12946300E+02
+9.99319104E-0 +3.01622803E-01 +2.12795798E+02
+9.99412942E-0 +3.01429575E-01 +2.12631614E+02
+9.99398383E-0 +3.01132896E-01 +2.12451794E+02
+9.99422386E-0 +3.00874141E-01 +2.12267543E+02
+9.99513384E-0 +3.00617816E-01 +2.12059565E+02
+9.99453781E-0 +3.00346137E-01 +2.11868219E+02
+9.99404456E-0 +3.00034824E-01 +2.11661973E+02
+9.99579148E-0 +2.99833487E-01 +2.11423492E+02
+9.99433687E-0 +2.99465426E-01 +2.11184918E+02
+9.99325023E-0 +2.99166680E-01 +2.10936517E+02
+9.99283672E-0 +2.98862772E-01 +2.10682450E+02
+9.99367735E-0 +2.98586970E-01 +2.10418444E+02
+9.99327337E-0 +2.98223893E-01 +2.10124467E+02
+9.99070919E-0 +2.97880874E-01 +2.09842251E+02
+9.99171215E-0 +2.97568621E-01 +2.09539629E+02
+9.99326676E-0 +2.97330663E-01 +2.09223227E+02
+9.99359777E-0 +2.96996706E-01 +2.08888027E+02
+9.99484005E-0 +2.96653704E-01 +2.08543184E+02
+9.99489857E-0 +2.96268069E-01 +2.08198453E+02
+9.99422482E-0 +2.95893922E-01 +2.07831399E+02
+9.99531350E-0 +2.95556511E-01 +2.07447393E+02
+9.99523418E-0 +2.95212674E-01 +2.07047132E+02
+9.99508848E-0 +2.94838489E-01 +2.06650363E+02
+9.99442999E-0 +2.94418369E-01 +2.06221468E+02
+9.99597702E-0 +2.94083276E-01 +2.05794255E+02
+9.99435897E-0 +2.93659866E-01 +2.05363426E+02
+9.99502673E-0 +2.93277900E-01 +2.04912597E+02
+9.99458054E-0 +2.92809885E-01 +2.04460912E+02
+9.99350607E-0 +2.92407492E-01 +2.03997664E+02
+9.99161982E-0 +2.91939470E-01 +2.03531401E+02
+9.99079525E-0 +2.91472518E-01 +2.03054891E+02
+9.98999103E-0 +2.91042183E-01 +2.02565715E+02
+9.99090387E-0 +2.90601963E-01 +2.02080810E+02
+9.99084821E-0 +2.90168444E-01 +2.01565186E+02
+9.99080624E-0 +2.89711507E-01 +2.01066551E+02
+9.99341293E-0 +2.89339242E-01 +2.00541616E+02
+9.99162407E-0 +2.88869678E-01 +2.00024296E+02
+9.99360516E-0 +2.88476564E-01 +1.99504040E+02
+9.99192133E-0 +2.88079631E-01 +1.98967894E+02
+9.99268603E-0 +2.87646622E-01 +1.98436865E+02
+9.99243752E-0 +2.87194505E-01 +1.97900841E+02
+9.99382921E-0 +2.86833589E-01 +1.97371060E+02
+9.99338526E-0 +2.86383316E-01 +1.96848386E+02
+9.99216286E-0 +2.85952993E-01 +1.96315889E+02
+9.99114807E-0 +2.85504880E-01 +1.95801799E+02
+9.99123394E-0 +2.85067631E-01 +1.95311609E+02
+9.99116800E-0 +2.84668682E-01 +1.94809915E+02
+9.98961153E-0 +2.84230632E-01 +1.94319650E+02
+9.99145764E-0 +2.83824226E-01 +1.93821640E+02
+9.99288579E-0 +2.83426669E-01 +1.93348341E+02
+9.99143497E-0 +2.82974074E-01 +1.92858648E+02
+9.99113397E-0 +2.82549350E-01 +1.92372302E+02
+9.98937432E-0 +2.82137247E-01 +1.91889762E+02
+9.99013693E-0 +2.81684430E-01 +1.91403795E+02
+9.99076539E-0 +2.81296183E-01 +1.90934068E+02
+9.99008845E-0 +2.80846318E-01 +1.90467259E+02
+9.99164517E-0 +2.80416039E-01 +1.90005907E+02
+9.98791689E-0 +2.79978349E-01 +1.89550524E+02
+9.98893438E-0 +2.79533594E-01 +1.89110684E+02
+9.98786199E-0 +2.79089205E-01 +1.88664122E+02
+9.98799561E-0 +2.78659366E-01 +1.88223772E+02
+9.98676399E-0 +2.78230978E-01 +1.87795230E+02
+9.98601415E-0 +2.77796903E-01 +1.87359595E+02
+9.98687131E-0 +2.77334307E-01 +1.86930855E+02
+9.98567612E-0 +2.76938005E-01 +1.86518384E+02
+9.98668183E-0 +2.76552125E-01 +1.86095343E+02
+9.98746520E-0 +2.76141401E-01 +1.85693441E+02
+9.98616323E-0 +2.75701280E-01 +1.85277387E+02
+9.98642646E-0 +2.75275558E-01 +1.84875173E+02
+9.98691736E-0 +2.74871305E-01 +1.84497150E+02
+9.98681600E-0 +2.74432691E-01 +1.84098606E+02
+9.98691075E-0 +2.74000090E-01 +1.83704884E+02
+9.98622430E-0 +2.73609428E-01 +1.83316294E+02
+9.98736701E-0 +2.73237784E-01 +1.82922569E+02
+9.98708909E-0 +2.72784541E-01 +1.82543717E+02
+9.98753473E-0 +2.72408220E-01 +1.82137606E+02
+9.98833806E-0 +2.72025317E-01 +1.81751833E+02
+9.98800729E-0 +2.71584854E-01 +1.81373229E+02
+9.99016612E-0 +2.71264429E-01 +1.80999272E+02
+9.98955594E-0 +2.70806984E-01 +1.80618781E+02
+9.98825360E-0 +2.70352361E-01 +1.80256844E+02
+9.98673420E-0 +2.69965303E-01 +1.79883894E+02
+9.98712477E-0 +2.69528924E-01 +1.79521487E+02
+9.98677521E-0 +2.69162564E-01 +1.79171142E+02
+9.98779206E-0 +2.68772652E-01 +1.78814413E+02
+9.98726398E-0 +2.68338813E-01 +1.78460990E+02
+9.98682100E-0 +2.67947421E-01 +1.78121042E+02
+9.98547247E-0 +2.67514209E-01 +1.77780724E+02
+9.98525602E-0 +2.67127610E-01 +1.77455210E+02
+9.98642043E-0 +2.66762319E-01 +1.77111998E+02
+9.98433188E-0 +2.66339519E-01 +1.76797962E+02
+9.98522632E-0 +2.66022445E-01 +1.76481826E+02
+9.98468767E-0 +2.65570280E-01 +1.76171274E+02
+9.98509734E-0 +2.65198647E-01 +1.75863933E+02
+9.98413358E-0 +2.64808157E-01 +1.75564266E+02
+9.98308481E-0 +2.64426986E-01 +1.75253751E+02
+9.98260283E-0 +2.64036316E-01 +1.74967761E+02
+9.98446142E-0 +2.63718055E-01 +1.74674443E+02
+9.98570053E-0 +2.63339711E-01 +1.74397244E+02
+9.98533969E-0 +2.62961444E-01 +1.74108621E+02
+9.98428058E-0 +2.62604524E-01 +1.73827836E+02
+9.98606707E-0 +2.62269668E-01 +1.73540801E+02
+9.98619860E-0 +2.61941367E-01 +1.73271699E+02
+9.98644968E-0 +2.61593949E-01 +1.72999439E+02
+9.98735143E-0 +2.61238074E-01 +1.72712199E+02
+9.98904304E-0 +2.60919297E-01 +1.72438295E+02
+9.98893209E-0 +2.60542065E-01 +1.72168583E+02
+9.98779196E-0 +2.60211939E-01 +1.71921075E+02
+9.98850909E-0 +2.59882138E-01 +1.71680216E+02
+9.98919351E-0 +2.59530179E-01 +1.71440866E+02
+9.98942444E-0 +2.59202474E-01 +1.71212615E+02
+9.99069481E-0 +2.58893384E-01 +1.70998056E+02
+9.99028292E-0 +2.58568116E-01 +1.70785272E+02
+9.99093078E-0 +2.58235428E-01 +1.70564526E+02
+9.99094704E-0 +2.57908151E-01 +1.70356183E+02
+9.99088226E-0 +2.57584533E-01 +1.70160464E+02
+9.99057642E-0 +2.57260941E-01 +1.69956566E+02
+9.98988587E-0 +2.56933987E-01 +1.69766238E+02
+9.99059235E-0 +2.56608627E-01 +1.69566269E+02
+9.99130113E-0 +2.56320736E-01 +1.69379845E+02
+9.99148188E-0 +2.56019927E-01 +1.69201524E+02
+9.99002688E-0 +2.55743941E-01 +1.69001173E+02
+9.99238877E-0 +2.55476942E-01 +1.68830776E+02
+9.99054313E-0 +2.55161551E-01 +1.68649506E+02
+9.99042252E-0 +2.54869613E-01 +1.68471357E+02
+9.98967417E-0 +2.54589849E-01 +1.68313116E+02
+9.99030224E-0 +2.54352577E-01 +1.68133834E+02
+9.98908547E-0 +2.54120158E-01 +1.68000927E+02
+9.99077684E-0 +2.53921751E-01 +1.67823705E+02
+9.99128049E-0 +2.53706106E-01 +1.67697082E+02
+9.99118944E-0 +2.53492605E-01 +1.67547746E+02
+9.99158566E-0 +2.53282277E-01 +1.67427924E+02
+9.98872272E-0 +2.53070562E-01 +1.67316422E+02
+9.99043276E-0 +2.52909197E-01 +1.67201259E+02
+9.98994438E-0 +2.52700854E-01 +1.67119064E+02
+9.99038108E-0 +2.52549237E-01 +1.67013574E+02
+9.99080127E-0 +2.52375866E-01 +1.66937474E+02
+9.99007647E-0 +2.52190204E-01 +1.66872194E+02
+9.98906900E-0 +2.52062482E-01 +1.66819358E+02
+9.99065746E-0 +2.51898896E-01 +1.66769078E+02
+9.98859379E-0 +2.51734933E-01 +1.66724832E+02
+9.99003808E-0 +2.51565608E-01 +1.66717134E+02
+9.98890320E-0 +2.51442489E-01 +1.66695266E+02
+9.99034567E-0 +2.51336497E-01 +1.66677509E+02
+9.99027858E-0 +2.51170185E-01 +1.66695115E+02
+9.98797204E-0 +2.51058540E-01 +1.66689937E+02
+9.98905099E-0 +2.50901049E-01 +1.66700185E+02
+9.98898552E-0 +2.50775192E-01 +1.66720353E+02
+9.98871496E-0 +2.50683648E-01 +1.66732245E+02
+9.98994503E-0 +2.50585320E-01 +1.66782741E+02
+9.99045444E-0 +2.50495360E-01 +1.66804135E+02
+9.99047140E-0 +2.50378796E-01 +1.66831465E+02
+9.98976320E-0 +2.50275609E-01 +1.66866514E+02
+9.99017800E-0 +2.50156721E-01 +1.66920611E+02
+9.98939569E-0 +2.50056420E-01 +1.66957036E+02
+9.98928375E-0 +2.49951336E-01 +1.66995229E+02
+9.99104569E-0 +2.49854875E-01 +1.67044627E+02
+9.98864559E-0 +2.49727713E-01 +1.67102018E+02
+9.98931736E-0 +2.49690741E-01 +1.67153611E+02
+9.98850236E-0 +2.49568536E-01 +1.67204950E+02
+9.98859831E-0 +2.49477821E-01 +1.67252380E+02
+9.98874093E-0 +2.49374548E-01 +1.67309502E+02
+9.98920201E-0 +2.49323292E-01 +1.67379991E+02
+9.98967144E-0 +2.49229667E-01 +1.67439767E+02
+9.99017522E-0 +2.49166233E-01 +1.67494796E+02
+9.99069535E-0 +2.49085291E-01 +1.67551382E+02
+9.98936186E-0 +2.48967830E-01 +1.67615766E+02
+9.99026525E-0 +2.48915428E-01 +1.67677096E+02
+9.99015221E-0 +2.48855183E-01 +1.67750029E+02
+9.99091992E-0 +2.48761257E-01 +1.67809663E+02
+9.99174145E-0 +2.48670017E-01 +1.67871920E+02
+9.98935586E-0 +2.48563806E-01 +1.67940806E+02
+9.99056351E-0 +2.48515784E-01 +1.67997446E+02
+9.98975706E-0 +2.48437533E-01 +1.68061150E+02
+9.98978733E-0 +2.48370218E-01 +1.68127960E+02
+9.99232958E-0 +2.48321376E-01 +1.68198442E+02
+9.99135353E-0 +2.48253501E-01 +1.68258701E+02
+9.99097615E-0 +2.48162717E-01 +1.68317639E+02
+9.99135155E-0 +2.48111900E-01 +1.68377930E+02
+9.99224837E-0 +2.48023917E-01 +1.68446920E+02
+9.99101400E-0 +2.47965753E-01 +1.68506521E+02
+9.99164564E-0 +2.47890072E-01 +1.68584122E+02
+9.99150756E-0 +2.47796333E-01 +1.68642211E+02
+9.99083663E-0 +2.47746283E-01 +1.68696587E+02
+9.99248200E-0 +2.47692217E-01 +1.68744566E+02
+9.99154392E-0 +2.47616237E-01 +1.68803118E+02
+9.99317957E-0 +2.47577621E-01 +1.68869352E+02
+9.99225726E-0 +2.47485354E-01 +1.68917911E+02
+9.99201143E-0 +2.47410971E-01 +1.68971113E+02
+9.99042737E-0 +2.47312967E-01 +1.69026251E+02
+9.99255675E-0 +2.47265967E-01 +1.69082386E+02
+9.99270616E-0 +2.47188873E-01 +1.69137573E+02
+9.99168934E-0 +2.47106420E-01 +1.69189350E+02
+9.99218210E-0 +2.47080178E-01 +1.69226297E+02
+9.99236078E-0 +2.46992127E-01 +1.69285106E+02
+9.99232863E-0 +2.46937125E-01 +1.69343130E+02
+9.99229546E-0 +2.46883457E-01 +1.69375039E+02
+9.99192074E-0 +2.46799143E-01 +1.69444391E+02
+9.99256766E-0 +2.46689328E-01 +1.69503975E+02
+9.99223222E-0 +2.46523602E-01 +1.69557339E+02
+9.99235515E-0 +2.46339824E-01 +1.69591695E+02
+9.99304449E-0 +2.46142098E-01 +1.69605558E+02
+9.99344669E-0 +2.45901579E-01 +1.69570006E+02
+9.99217484E-0 +2.45617326E-01 +1.69542678E+02
+9.99155693E-0 +2.45337083E-01 +1.69481976E+02
+9.99322649E-0 +2.45043885E-01 +1.69427985E+02
+9.99182373E-0 +2.44696174E-01 +1.69368638E+02
+9.99292877E-0 +2.44408168E-01 +1.69310255E+02
+9.99052222E-0 +2.44004102E-01 +1.69219195E+02
+9.99237994E-0 +2.43769825E-01 +1.69112717E+02
+9.99245470E-0 +2.43441647E-01 +1.68974602E+02
+9.99180613E-0 +2.43107621E-01 +1.68817902E+02
+9.99155325E-0 +2.42759008E-01 +1.68633848E+02
+9.98979372E-0 +2.42425386E-01 +1.68428117E+02
+9.99106211E-0 +2.42100769E-01 +1.68195764E+02
+9.99104710E-0 +2.41754769E-01 +1.67931894E+02
+9.99207212E-0 +2.41417167E-01 +1.67653678E+02
+9.99220663E-0 +2.41077956E-01 +1.67344978E+02
+9.98920739E-0 +2.40647651E-01 +1.67013006E+02
+9.99136574E-0 +2.40339287E-01 +1.66654614E+02
+9.99088835E-0 +2.39945837E-01 +1.66299291E+02
+9.99029395E-0 +2.39591065E-01 +1.65925387E+02
+9.98897942E-0 +2.39221164E-01 +1.65512366E+02
+9.99000451E-0 +2.38869200E-01 +1.65096543E+02
+9.99000135E-0 +2.38512227E-01 +1.64674417E+02
+9.99104607E-0 +2.38144144E-01 +1.64259462E+02
+9.99125439E-0 +2.37794252E-01 +1.63813506E+02
+9.99121746E-0 +2.37423185E-01 +1.63388448E+02
+9.99203132E-0 +2.37038854E-01 +1.62937628E+02
+9.99195322E-0 +2.36707189E-01 +1.62487384E+02
+9.99222183E-0 +2.36330859E-01 +1.62040888E+02
+9.99260028E-0 +2.35974042E-01 +1.61590868E+02
+9.99396355E-0 +2.35589118E-01 +1.61171024E+02
+9.99269711E-0 +2.35223442E-01 +1.60734022E+02
+9.99374571E-0 +2.34876756E-01 +1.60326760E+02
+9.99408758E-0 +2.34493560E-01 +1.59900548E+02
+9.99313612E-0 +2.34079195E-01 +1.59500507E+02
+9.99322668E-0 +2.33715103E-01 +1.59096305E+02
+9.99310765E-0 +2.33342057E-01 +1.58688955E+02
+9.99172122E-0 +2.32941527E-01 +1.58304736E+02
+9.99337839E-0 +2.32609284E-01 +1.57930045E+02
+9.99303947E-0 +2.32240673E-01 +1.57564611E+02
+9.99403471E-0 +2.31878919E-01 +1.57193995E+02
+9.99260480E-0 +2.31500724E-01 +1.56846191E+02
+9.99332297E-0 +2.31145679E-01 +1.56490232E+02
+9.99200013E-0 +2.30758921E-01 +1.56155884E+02
+9.99196498E-0 +2.30395393E-01 +1.55804023E+02
+9.99334406E-0 +2.30069782E-01 +1.55476705E+02
+9.99388686E-0 +2.29703255E-01 +1.55155851E+02
+9.99318683E-0 +2.29349393E-01 +1.54826288E+02
+9.99322619E-0 +2.28998084E-01 +1.54511470E+02
+9.99291713E-0 +2.28619149E-01 +1.54193680E+02
+9.99306226E-0 +2.28304055E-01 +1.53892869E+02
+9.99276346E-0 +2.27942579E-01 +1.53586271E+02
+9.99275936E-0 +2.27598765E-01 +1.53307254E+02
+9.99325848E-0 +2.27253170E-01 +1.53000883E+02
+9.99255737E-0 +2.26919751E-01 +1.52700650E+02
+9.99301600E-0 +2.26587174E-01 +1.52411882E+02
+9.99103066E-0 +2.26191391E-01 +1.52112015E+02
+9.99304547E-0 +2.25898037E-01 +1.51820976E+02
+9.99262635E-0 +2.25556578E-01 +1.51544633E+02
+9.99216080E-0 +2.25213858E-01 +1.51271518E+02
+9.99219915E-0 +2.24888352E-01 +1.50994253E+02
+9.99225435E-0 +2.24586794E-01 +1.50730751E+02
+9.99265238E-0 +2.24244271E-01 +1.50464678E+02
+9.99197338E-0 +2.23922699E-01 +1.50198405E+02
+9.99290315E-0 +2.23614821E-01 +1.49948849E+02
+9.99322787E-0 +2.23298386E-01 +1.49698752E+02
+9.99431534E-0 +2.23002907E-01 +1.49440260E+02
+9.99225410E-0 +2.22676111E-01 +1.49180794E+02
+9.99363547E-0 +2.22368363E-01 +1.48946496E+02
+9.99339212E-0 +2.22048108E-01 +1.48715639E+02
+9.99264294E-0 +2.21740822E-01 +1.48475579E+02
+9.99366610E-0 +2.21457578E-01 +1.48255190E+02
+9.99477634E-0 +2.21165511E-01 +1.48021372E+02
+9.99366442E-0 +2.20852644E-01 +1.47798021E+02
+9.99354219E-0 +2.20538988E-01 +1.47589001E+02
+9.99526662E-0 +2.20258813E-01 +1.47389185E+02
+9.99488512E-0 +2.19982656E-01 +1.47178948E+02
+9.99506388E-0 +2.19727311E-01 +1.46958559E+02
+9.99563157E-0 +2.19408258E-01 +1.46761031E+02