+1.00078561E-0 
 +1.26884575E+02
+1.00076987E-0 +1.20137609E-03 +1.26968849E+02
+1.00072837E-0 
 +1.27041204E+02
+1.00074461E-0 +1.20449168E-03 +1.27112873E+02
+1.00074140E-0 
 +1.27144986E+02
+1.00072488E-0 +1.06727313E-03 +1.27082670E+02
+1.00073187E-0 
 +1.26686813E+02
+1.00077886E-0 +6.62859051E-04 +1.25465678E+02
+1.00070362E-0 
 +1.23726071E+02
+1.00074009E-0 +1.15860293E-04 +1.21103460E+02
+1.00066775E-0 
 +1.18796095E+02
+1.00069107E-0 -3.20989995E-05 +1.16074765E+02
+1.00069643E-0 
 +1.13860657E+02
+1.00075444E-0 -2.52842201E-05 +1.11216110E+02
+1.00063750E-0 
 +1.09196046E+02
+1.00071233E-0 -5.57196232E-06 +1.06878017E+02
+1.00066432E-0 
 +1.05121479E+02
+1.00070488E-0 +1.88426940E-06 +1.03155583E+02
+1.00064665E-0 
 +1.01577218E+02
+1.00075803E-0 +4.52470245E-06 +9.98716193E+01
+1.00070129E-0 
 +9.85439340E+01
+1.00070037E-0 +4.68504691E-06 +9.71224797E+01
+1.00074520E-0 
 +9.60395236E+01
+1.00075840E-0 +5.31039214E-06 +9.49084641E+01
+1.00066377E-0 
 +9.40403927E+01
+1.00067800E-0 +4.31097217E-06 +9.31096096E+01
+1.00062050E-0 
 +9.23122307E+01
+1.00068670E-0 +3.99558591E-06 +9.14593378E+01
+1.00066319E-0 
 +9.08143721E+01
+1.00065101E-0 +3.91539174E-06 +9.00751672E+01
+1.00064291E-0 
 +8.95269420E+01
+1.00068510E-0 +3.38621138E-06 +8.89397716E+01
+1.00067355E-0 
 +8.84874206E+01
+1.00073602E-0 +2.23172531E-06 +8.79706504E+01
+1.00066536E-0 
 +8.75882561E+01
+1.00072943E-0 +1.54220835E-06 +8.71775952E+01
+1.00068510E-0 
 +8.68292383E+01
+1.00068919E-0 +1.37118357E-06 +8.64171310E+01
+1.00070849E-0 
 +8.61211477E+01
+1.00063773E-0 +1.21613479E-06 +8.57686027E+01
+1.00074146E-0 
 +8.54920821E+01
+1.00071480E-0 +1.14673718E-06 +8.52028988E+01
+1.00069709E-0 
 +8.49899513E+01
+1.00078129E-0 +4.14366352E-07 +8.47805669E+01
+1.00071842E-0 
 +8.45911149E+01
+1.00069131E-0 +1.37113827E-06 +8.44224740E+01
+1.00072589E-0 
 +8.42824695E+01
+1.00076590E-0 +1.46726679E-06 +8.41164296E+01
+1.00067978E-0 
 +8.40066339E+01
+1.00073002E-0 +7.03084783E-07 +8.38705240E+01
+1.00072899E-0 
 +8.37671526E+01
+1.00068898E-0 +6.60170281E-07 +8.36313190E+01
+1.00071245E-0 
 +8.35376900E+01
+1.00076978E-0 +3.93060655E-07 +8.34332274E+01
+1.00073999E-0 
 +8.33493861E+01
+1.00073878E-0 +2.59466983E-07 +8.32560155E+01
+1.00077585E-0 
 +8.31700532E+01
+1.00076122E-0 +8.68742270E-07 +8.30762012E+01
+1.00079078E-0 
 +8.29954214E+01
+1.00071899E-0 +1.57861215E-07 +8.29072707E+01
+1.00071695E-0 
 +8.28404320E+01
+1.00075482E-0 +3.12859413E-07 +8.27534935E+01
+1.00076291E-0 
 +8.26942359E+01
+1.00075201E-0 -2.96384603E-07 +8.26247739E+01
+1.00076580E-0 
 +8.25539320E+01
+1.00077721E-0 +5.21327782E-07 +8.24792891E+01
+1.00078218E-0 
 +8.24525394E+01
+1.00078251E-0 +7.19108595E-07 +8.23658241E+01
+1.00079081E-0 
 +8.23099756E+01
+1.00075484E-0 +3.28935375E-07 +8.22566135E+01
+1.00079407E-0 
 +8.22163937E+01
+1.00074356E-0 -2.48355383E-07 +8.21465004E+01
+1.00081402E-0 
 +8.21179353E+01
+1.00077023E-0 -2.92311281E-08 +8.20732573E+01
+1.00076191E-0 
 +8.20206603E+01
+1.00075486E-0 +2.27357154E-07 +8.19893223E+01
+1.00080153E-0 
 +8.19299014E+01
+1.00076246E-0 +3.28855788E-07 +8.18980877E+01
+1.00078527E-0 
 +8.18729467E+01
+1.00076363E-0 +2.64765037E-07 +8.18329486E+01
+1.00077302E-0 
 +8.17956625E+01
+1.00075157E-0 +5.64088718E-07 +8.17786447E+01
+1.00075837E-0 
 +8.17556496E+01
+1.00070422E-0 +3.87663706E-07 +8.17207245E+01
+1.00078527E-0 
 +8.17094937E+01
+1.00077660E-0 +1.31030012E-07 +8.16842673E+01
+1.00078586E-0 
 +8.16667881E+01
+1.00080737E-0 +1.95209487E-07 +8.16410592E+01
+1.00079645E-0 
 +8.16446531E+01
+1.00079312E-0 -3.60643877E-07 +8.16159962E+01
+1.00076582E-0 
 +8.15981470E+01
+1.00077165E-0 -9.87737536E-08 +8.15919067E+01
+1.00076181E-0 
 +8.15737931E+01
+1.00069554E-0 +5.09859494E-08 +8.15639431E+01
+1.00079443E-0 
 +8.15661359E+01
+1.00076207E-0 +9.70349548E-07 +8.15616028E+01
+1.00079318E-0 
 +8.15454921E+01
+1.00076807E-0 +2.86180774E-07 +8.15724571E+01
+1.00070736E-0 
 +8.15838824E+01
+1.00076838E-0 +6.76278549E-07 +8.15730400E+01
+1.00076410E-0 
 +8.15949695E+01
+1.00079264E-0 +5.21415349E-07 +8.16039481E+01
+1.00073518E-0 
 +8.16296359E+01
+1.00073898E-0 +2.16613207E-07 +8.16299874E+01
+1.00077027E-0 
 +8.16694146E+01
+1.00079754E-0 +6.49578196E-07 +8.16873865E+01
+1.00075849E-0 
 +8.17211196E+01
+1.00080825E-0 +2.00532922E-07 +8.17632015E+01
+1.00080885E-0 
 +8.17582513E+01
+1.00076861E-0 +5.96199929E-07 +8.18029584E+01
+1.00076949E-0 
 +8.18098194E+01
+1.00070956E-0 +1.34993792E-06 +8.18454004E+01
+1.00065971E-0 
 +8.18800169E+01
+1.00074083E-0 +6.81646490E-07 +8.19252511E+01
+1.00070684E-0 
 +8.19548639E+01
+1.00067444E-0 -3.07240603E-07 +8.19801772E+01
+1.00074058E-0 
 +8.20137298E+01
+1.00073065E-0 +1.23755147E-06 +8.20504441E+01
+1.00072798E-0 
 +8.21110930E+01
+1.00071367E-0 +4.89204874E-07 +8.21537848E+01
