+1.00070206E-0 +1.71864924E-06 +8.77671644E+01
+1.00066395E-0 
 +8.78490706E+01
+1.00071933E-0 +1.64914032E-06 +8.79743685E+01
+1.00069491E-0 
 +8.80523697E+01
+1.00071694E-0 +2.27994246E-06 +8.81698668E+01
+1.00071621E-0 
 +8.82663336E+01
+1.00071198E-0 +1.36049982E-06 +8.83677200E+01
+1.00069869E-0 
 +8.84576823E+01
+1.00065245E-0 +9.54224111E-07 +8.85712873E+01
+1.00066172E-0 
 +8.86722404E+01
+1.00074202E-0 +1.34444466E-06 +8.87929203E+01
+1.00068625E-0 
 +8.88719471E+01
+1.00071451E-0 +8.79399730E-07 +8.89769422E+01
+1.00067721E-0 
 +8.90643497E+01
+1.00072042E-0 +1.57966672E-06 +8.91749873E+01
+1.00068087E-0 
 +8.92680903E+01
+1.00072737E-0 +1.36043879E-06 +8.93786149E+01
+1.00073848E-0 
 +8.94592872E+01
+1.00071596E-0 +1.05584882E-06 +8.95961233E+01
+1.00071376E-0 
 +8.96682075E+01
+1.00064764E-0 +1.33379542E-06 +8.97726904E+01
+1.00067429E-0 
 +8.98613227E+01
+1.00070397E-0 +1.68120836E-06 +8.99733516E+01
+1.00073634E-0 
 +9.00527823E+01
+1.00065846E-0 +3.60936413E-07 +9.01325892E+01
+1.00070740E-0 
 +9.02352490E+01
+1.00072244E-0 +9.54181953E-07 +9.03315264E+01
+1.00066344E-0 
 +9.04009197E+01
+1.00070900E-0 +1.34443618E-06 +9.05146847E+01
+1.00069625E-0 
 +9.05779059E+01
+1.00072932E-0 +5.05268453E-07 +9.06790517E+01
+1.00070513E-0 
 +9.07611915E+01
+1.00075902E-0 +9.11529820E-07 +9.08607656E+01
+1.00074033E-0 
 +9.09567179E+01
+1.00072841E-0 +7.56439149E-07 +9.10402132E+01
+1.00068908E-0 
 +9.11371029E+01
+1.00064701E-0 +1.24286585E-06 +9.12240824E+01
+1.00068676E-0 
 +9.13122252E+01
+1.00073495E-0 +7.35111030E-07 +9.14057834E+01
+1.00068728E-0 
 +9.14777639E+01
+1.00074938E-0 +5.48068708E-07 +9.15676881E+01
+1.00070087E-0 
 +9.16616383E+01
+1.00075224E-0 +1.00770502E-06 +9.17768900E+01
+1.00070122E-0 
 +9.18534986E+01
+1.00070506E-0 +6.92384032E-07 +9.19671630E+01
+1.00064066E-0 
 +9.20292467E+01
+1.00069524E-0 +4.35848988E-07 +9.21534161E+01
+1.00067713E-0 
 +9.22140574E+01
+1.00072928E-0 +8.20683089E-07 +9.23409133E+01
+1.00072404E-0 
 +9.24163345E+01
+1.00072692E-0 +1.29638073E-06 +9.25141383E+01
+1.00067911E-0 
 +9.26025098E+01
+1.00068751E-0 +2.80812791E-09 +9.27131951E+01
+1.00070263E-0 
 +9.27793435E+01
+1.00072069E-0 +8.52589847E-07 +9.28878148E+01
+1.00071228E-0 
 +9.29817927E+01
+1.00066363E-0 +4.57212976E-07 +9.30806980E+01
+1.00065319E-0 
 +9.31680620E+01
+1.00067180E-0 +8.09895553E-07 +9.32499181E+01
+1.00068762E-0 
 +9.33323708E+01
+1.00067803E-0 +2.11348331E-07 +9.34192691E+01
+1.00068377E-0 
 +9.35089892E+01
+1.00071815E-0 +5.80140268E-07 +9.35839784E+01
+1.00069062E-0 
 +9.36776181E+01
+1.00065815E-0 +5.47965465E-07 +9.37564829E+01
+1.00066811E-0 
 +9.38331411E+01
+1.00070211E-0 -1.94882907E-07 +9.39450179E+01
+1.00070705E-0 
 +9.40098041E+01
+1.00064339E-0 +2.86119252E-07 +9.40954429E+01
+1.00067538E-0 
 +9.41802339E+01
+1.00069720E-0 +1.57818837E-07 +9.42521478E+01
+1.00072254E-0 
 +9.43512425E+01
+1.00071234E-0 +1.84540085E-07 +9.44471681E+01
+1.00063412E-0 
 +9.45136999E+01
+1.00062737E-0 +6.70984198E-07 +9.46127161E+01
+1.00066216E-0 
 +9.46950409E+01
+1.00063580E-0 +6.12176620E-07 +9.47797547E+01
+1.00066696E-0 
 +9.48483623E+01
+1.00068896E-0 +2.43387992E-07 +9.49437462E+01
+1.00066192E-0 
 +9.50294547E+01
+1.00064834E-0 -4.88905119E-07 +9.50978904E+01
+1.00065638E-0 
 +9.51998769E+01
+1.00067694E-0 -2.43016742E-07 +9.52984893E+01
+1.00071038E-0 
 +9.53773607E+01
+1.00060743E-0 -3.49811852E-07 +9.54673511E+01
+1.00069793E-0 
 +9.55338444E+01
+1.00070234E-0 -5.95805592E-07 +9.56400879E+01
+1.00069516E-0 
 +9.57262236E+01
+1.00063520E-0 +1.39246265E-06 +9.58009933E+01
+1.00067971E-0 
 +9.58949377E+01
+1.00065259E-0 -1.78837626E-07 +9.59932043E+01
+1.00073494E-0 
 +9.60647456E+01
+1.00073393E-0 -1.62851970E-07 +9.61457280E+01
+1.00068479E-0 
 +9.62112603E+01
+1.00070433E-0 -5.10307755E-07 +9.63221986E+01
+1.00072198E-0 
 +9.63892467E+01
+1.00071252E-0 -4.67488721E-07 +9.64930860E+01
+1.00067280E-0 
 +9.65610039E+01
+1.00066313E-0 -1.30731986E-07 +9.66685252E+01
+1.00069616E-0 
 +9.67418646E+01
+1.00069382E-0 -1.25436862E-07 +9.68439691E+01
+1.00072795E-0 
 +9.69187591E+01
+1.00076158E-0 -8.80120529E-08 +9.70069664E+01
+1.00077000E-0 
 +9.71050160E+01
+1.00080422E-0 -5.79808798E-07 +9.71728165E+01
+1.00076599E-0 
 +9.72499089E+01
+1.00073900E-0 -8.09664364E-07 +9.73408113E+01
+1.00067461E-0 
 +9.74289746E+01
+1.00064391E-0 -3.17902980E-07 +9.75101718E+01
+1.00069249E-0 
 +9.76013537E+01
+1.00070002E-0 +1.88372118E-08 +9.76893572E+01
+1.00072013E-0 
 +9.77709182E+01
+1.00071013E-0 -9.32474671E-07 +9.78564872E+01
+1.00070679E-0 
 +9.79508283E+01
+1.00070756E-0 -3.07177870E-07 +9.80344870E+01
+1.00071190E-0 
 +9.81160403E+01
+1.00070554E-0 -1.94978293E-07 +9.82083550E+01
+1.00069504E-0 
 +9.82943895E+01
+1.00070085E-0 -1.20144920E-07 +9.83849620E+01
+1.00075096E-0 
 +9.84528801E+01
+1.00072368E-0 -1.14752211E-07 +9.85464384E+01
+1.00074563E-0 
 +9.86283715E+01
+1.00076296E-0 -1.54178154E-06 +9.87169145E+01
+1.00071143E-0 
 +9.87978441E+01
+1.00070998E-0 -7.93592990E-07 +9.88914488E+01
+1.00072532E-0 
 +9.89804909E+01
+1.00072752E-0 -1.57389912E-06 +9.90729459E+01
+1.00074197E-0 
 +9.91453291E+01
+1.00072567E-0 -8.68348605E-07 +9.92451227E+01
+1.00071538E-0 
 +9.93374382E+01
+1.00073293E-0 -1.53653918E-06 +9.94179424E+01
+1.00068164E-0 
 +9.95074604E+01
+1.00067942E-0 -1.02339540E-06 +9.95948355E+01
+1.00063316E-0 
 +9.96643672E+01
+1.00062842E-0 -1.63805724E-06 +9.97623897E+01
+1.00064181E-0 
 +9.98299668E+01
+1.00068012E-0 -1.03409086E-06 +9.99375123E+01
+1.00068175E-0 
 +1.00018965E+02
+1.00071294E-0 -1.27460008E-06 +1.00109348E+02
+1.00071717E-0 
 +1.00202815E+02
+1.00071761E-0 -1.96405150E-06 +1.00296477E+02
+1.00074264E-0 
 +1.00380336E+02
+1.00070936E-0 -2.18861172E-06 +1.00491182E+02
+1.00065652E-0 
 +1.00561780E+02
+1.00075726E-0 -1.85192676E-06 +1.00663988E+02
+1.00064953E-0 
 +1.00770836E+02
+1.00067882E-0 -2.02291614E-06 +1.00859412E+02
+1.00067097E-0 
 +1.00967781E+02
+1.00065958E-0 -2.33289288E-06 +1.01066771E+02
+1.00070252E-0 
 +1.01169956E+02
+1.00065017E-0 -2.43442298E-06 +1.01271418E+02
+1.00062955E-0 
 +1.01373963E+02
+1.00069485E-0 -3.16675965E-06 +1.01497820E+02
+1.00066226E-0 
 +1.01590800E+02
+1.00064553E-0 -2.81397211E-06 +1.01687727E+02
+1.00069593E-0 
 +1.01815336E+02
+1.00065805E-0 -2.92619010E-06 +1.01928218E+02
+1.00062081E-0 
 +1.02026262E+02
+1.00073865E-0 -3.39120857E-06 +1.02159914E+02
+1.00060934E-0 
 +1.02269901E+02
+1.00059795E-0 -3.23620336E-06 +1.02392785E+02
+1.00067117E-0 
 +1.02516670E+02
+1.00061652E-0 -1.91066324E-06 +1.02642518E+02
+1.00064421E-0 
 +1.02733459E+02
+1.00068328E-0 -2.95293382E-06 +1.02893497E+02
+1.00068698E-0 
 +1.03007350E+02
+1.00068651E-0 -2.16724721E-06 +1.03153082E+02
+1.00064117E-0 
 +1.03254633E+02
+1.00062674E-0 -2.54133010E-06 +1.03398927E+02
+1.00063430E-0 
 +1.03544275E+02
+1.00063853E-0 -1.78776536E-06 +1.03680309E+02
+1.00065104E-0 
 +1.03815935E+02
+1.00066087E-0 -2.13520386E-06 +1.03963223E+02
+1.00065462E-0 
 +1.04112599E+02
+1.00067609E-0 -2.14051494E-06 +1.04259178E+02
+1.00069554E-0 
 +1.04380678E+02
+1.00061694E-0 -6.97367795E-07 +1.04549346E+02
+1.00068143E-0 
 +1.04680231E+02
+1.00068168E-0 -1.94806122E-06 +1.04832996E+02
+1.00072879E-0 
 +1.04985399E+02
+1.00069881E-0 -1.16234725E-06 +1.05141664E+02
+1.00071094E-0 
 +1.05273355E+02
+1.00068981E-0 +1.95236477E-07 +1.05426585E+02
+1.00068111E-0 
 +1.05550938E+02
+1.00066839E-0 -8.26828593E-08 +1.05715564E+02
+1.00071992E-0 
 +1.05852175E+02
+1.00070116E-0 +6.01438489E-07 +1.05998040E+02
+1.00071722E-0 
 +1.06134132E+02
+1.00066104E-0 +2.08739703E-06 +1.06292934E+02
+1.00064356E-0 
 +1.06406432E+02
+1.00069679E-0 +3.64266845E-06 +1.06574278E+02
+1.00064187E-0 
 +1.06688393E+02
+1.00066629E-0 +5.80227543E-06 +1.06856390E+02
+1.00067488E-0 
 +1.06980033E+02
+1.00065093E-0 +6.54502753E-06 +1.07147866E+02
+1.00067860E-0 
 +1.07249916E+02
+1.00065640E-0 +7.98824170E-06 +1.07401230E+02
+1.00064666E-0 
 +1.07535266E+02
+1.00068590E-0 +1.12006823E-05 +1.07692312E+02
+1.00063963E-0 
 +1.07815397E+02
+1.00071292E-0 +1.31730878E-05 +1.07963729E+02
+1.00064049E-0 
 +1.08087544E+02
+1.00062506E-0 +1.67114038E-05 +1.08227622E+02
+1.00062611E-0 
 +1.08364457E+02
+1.00059678E-0 +1.87209912E-05 +1.08508057E+02
+1.00065672E-0 
 +1.08637702E+02
+1.00062136E-0 +2.39000152E-05 +1.08775588E+02
+1.00062247E-0 
 +1.08896604E+02
+1.00065328E-0 +2.76736679E-05 +1.09052758E+02
+1.00061422E-0 
 +1.09165562E+02
+1.00063153E-0 +3.24789888E-05 +1.09313960E+02
+1.00064492E-0 
 +1.09426473E+02
+1.00058826E-0 +3.70218769E-05 +1.09572069E+02
+1.00061531E-0 
 +1.09699337E+02
+1.00062710E-0 +4.28003049E-05 +1.09847125E+02
+1.00064425E-0 
 +1.09963185E+02
+1.00061264E-0 +4.80861272E-05 +1.10093972E+02
+1.00064918E-0 
 +1.10230295E+02
+1.00066037E-0 +5.58470610E-05 +1.10353290E+02
+1.00065956E-0 
 +1.10473516E+02
+1.00063002E-0 +6.31482470E-05 +1.10614140E+02
+1.00057243E-0 
 +1.10723836E+02
+1.00058553E-0 +7.29666817E-05 +1.10866784E+02
+1.00059159E-0 
 +1.10978542E+02
+1.00064858E-0 +8.02573173E-05 +1.11104916E+02
+1.00065076E-0 
 +1.11237982E+02
+1.00060840E-0 +9.06594673E-05 +1.11367508E+02
+1.00062060E-0 
 +1.11475712E+02
+1.00061042E-0 +1.01124525E-04 +1.11615628E+02
+1.00066087E-0 
 +1.11729225E+02
+1.00065424E-0 +1.12883562E-04 +1.11872100E+02
+1.00061831E-0 
 +1.11979708E+02
+1.00065567E-0 +1.26143526E-04 +1.12128445E+02
+1.00065566E-0 
 +1.12232126E+02
+1.00065459E-0 +1.39543775E-04 +1.12346517E+02
+1.00059268E-0 
 +1.12472772E+02
+1.00068367E-0 +1.75703056E-04 +1.12936325E+02
+1.00069132E-0 
 +1.13031930E+02
+1.00064800E-0 +1.91193174E-04 +1.13164556E+02
+1.00060824E-0 
 +1.13265592E+02
+1.00062152E-0 +2.08734484E-04 +1.13383118E+02
+1.00060356E-0 
 +1.13480502E+02
+1.00062004E-0 +2.27570593E-04 +1.13606999E+02
+1.00060536E-0 
 +1.13705460E+02
+1.00069464E-0 +2.45979467E-04 +1.13827221E+02
+1.00065476E-0 
 +1.13903703E+02
+1.00065369E-0 +2.65744198E-04 +1.14032285E+02
+1.00065456E-0 
 +1.14116572E+02
+1.00068208E-0 +2.86321794E-04 +1.14245614E+02
+1.00070649E-0 
 +1.14340246E+02
+1.00068445E-0 +3.07232493E-04 +1.14453639E+02
+1.00067087E-0 
 +1.14543980E+02
+1.00067316E-0 +3.29322732E-04 +1.14661793E+02
+1.00068488E-0 
 +1.14758810E+02
+1.00072139E-0 +3.49865176E-04 +1.14874459E+02
+1.00070102E-0 
 +1.14958380E+02
+1.00067905E-0 +3.70883059E-04 +1.15085926E+02
+1.00071908E-0 
 +1.15168474E+02
+1.00070470E-0 +3.93892477E-04 +1.15285032E+02
+1.00067973E-0 
 +1.15375219E+02
+1.00070756E-0 +4.14291453E-04 +1.15502163E+02
+1.00074529E-0 
 +1.15585573E+02
+1.00067971E-0 +4.36409523E-04 +1.15680118E+02
+1.00069581E-0 
 +1.15803849E+02
+1.00073949E-0 +4.58149550E-04 +1.15895888E+02
+1.00071422E-0 
 +1.15993296E+02
+1.00071932E-0 +4.79203147E-04 +1.16114409E+02
+1.00069262E-0 
 +1.16202790E+02
+1.00072092E-0 +5.01192727E-04 +1.16322914E+02
+1.00072191E-0 
 +1.16406385E+02
+1.00068813E-0 +5.22870644E-04 +1.16520747E+02
+1.00070060E-0 
 +1.16608182E+02
+1.00069951E-0 +5.43103897E-04 +1.16716777E+02
+1.00070683E-0 
 +1.16809185E+02
+1.00069903E-0 +5.65201981E-04 +1.16899954E+02
+1.00072160E-0 
 +1.17011697E+02
+1.00073444E-0 +5.85775567E-04 +1.17100556E+02
+1.00070127E-0 
 +1.17193736E+02
+1.00069761E-0 +6.06589200E-04 +1.17308951E+02
+1.00073218E-0 
 +1.17379120E+02
+1.00070920E-0 +6.27927584E-04 +1.17500540E+02
+1.00070641E-0 
 +1.17587053E+02
+1.00069592E-0 +6.49512201E-04 +1.17683726E+02
+1.00066493E-0 
 +1.17801429E+02
+1.00069107E-0 +6.72304573E-04 +1.17901107E+02
+1.00078227E-0 
 +1.17987390E+02
+1.00071372E-0 +6.94065668E-04 +1.18103801E+02
+1.00073407E-0 
 +1.18181691E+02
+1.00074651E-0 +7.15451386E-04 +1.18292147E+02
+1.00070771E-0 
 +1.18365203E+02
+1.00075452E-0 +7.36959624E-04 +1.18483338E+02
+1.00077689E-0 
 +1.18547876E+02
+1.00079941E-0 +7.59907975E-04 +1.18662860E+02
+1.00073016E-0 
 +1.18747429E+02
+1.00074908E-0 +7.81395906E-04 +1.18856098E+02
+1.00073313E-0 
 +1.18947488E+02
+1.00071395E-0 +8.03783694E-04 +1.19042718E+02
+1.00072620E-0 
 +1.19125461E+02
+1.00075700E-0 +8.24546848E-04 +1.19231142E+02
+1.00075577E-0 
 +1.19325464E+02
+1.00069411E-0 +8.46244087E-04 +1.19437985E+02
+1.00067977E-0 
 +1.19525241E+02
+1.00065822E-0 +8.66842643E-04 +1.19624186E+02
+1.00074551E-0 
 +1.19705486E+02
+1.00073820E-0 +8.86724400E-04 +1.19802260E+02
+1.00070572E-0 
 +1.19890467E+02
+1.00068058E-0 +9.06341906E-04 +1.20001888E+02
+1.00070701E-0 
 +1.20077910E+02
+1.00072060E-0 +9.23416438E-04 +1.20185349E+02
+1.00068177E-0 
 +1.20277924E+02
+1.00072088E-0 +9.40043323E-04 +1.20372296E+02
+1.00066308E-0 
 +1.20453962E+02
+1.00067467E-0 +9.56086838E-04 +1.20550632E+02
+1.00067089E-0 
 +1.20636189E+02
+1.00068023E-0 +9.71290900E-04 +1.20752407E+02
+1.00067767E-0 
 +1.20838999E+02
+1.00068079E-0 +9.87013224E-04 +1.20922522E+02
+1.00070882E-0 
 +1.21021320E+02
+1.00069062E-0 +1.00070120E-03 +1.21130186E+02
+1.00071395E-0 
 +1.21202550E+02
+1.00071582E-0 +1.01292918E-03 +1.21307355E+02
+1.00070791E-0 
 +1.21397264E+02
+1.00067439E-0 +1.02558221E-03 +1.21488874E+02
+1.00073152E-0 
 +1.21576266E+02
+1.00068795E-0 +1.03483677E-03 +1.21668630E+02
+1.00060016E-0 
 +1.21764997E+02
+1.00068264E-0 +1.04718057E-03 +1.21872664E+02
+1.00070819E-0 
 +1.21938413E+02
+1.00068425E-0 +1.05622771E-03 +1.22043137E+02
+1.00065921E-0 
 +1.22127825E+02
+1.00071237E-0 +1.06634918E-03 +1.22228204E+02
+1.00064417E-0 
 +1.22313802E+02
+1.00067870E-0 +1.07339494E-03 +1.22399726E+02
+1.00064788E-0 
 +1.22495329E+02
+1.00070150E-0 +1.08313905E-03 +1.22580750E+02
+1.00066804E-0 
 +1.22674239E+02
+1.00068304E-0 +1.09132663E-03 +1.22766660E+02
+1.00071596E-0 
 +1.22868843E+02
+1.00070813E-0 +1.09830155E-03 +1.22954885E+02
+1.00066594E-0 
 +1.23036305E+02
+1.00065599E-0 +1.11543637E-03 +1.23372605E+02
+1.00060913E-0 
 +1.23448255E+02
+1.00062569E-0 +1.12105203E-03 +1.23545223E+02
+1.00067829E-0 
 +1.23628227E+02
+1.00067910E-0 +1.12576294E-03 +1.23701961E+02
+1.00069490E-0 
 +1.23780591E+02
+1.00061153E-0 +1.13123311E-03 +1.23868291E+02
+1.00065701E-0 
 +1.23964505E+02
+1.00065631E-0 +1.13611006E-03 +1.24046377E+02
+1.00061891E-0 
 +1.24120206E+02
+1.00059873E-0 +1.14119074E-03 +1.24208650E+02
+1.00059637E-0 
 +1.24285986E+02
+1.00062696E-0 +1.14585262E-03 +1.24379255E+02
