+1.00050212E-0 
 +1.46042855E+02
+1.00047285E-0 +1.38891023E-03 +1.46120115E+02
+1.00049789E-0 
 +1.46166972E+02
+1.00049743E-0 +1.39129041E-03 +1.46208832E+02
+1.00052224E-0 
 +1.46248437E+02
+1.00050312E-0 +1.39103254E-03 +1.46287117E+02
+1.00054493E-0 
 +1.46312392E+02
+1.00054598E-0 +1.39211612E-03 +1.46342671E+02
+1.00052208E-0 
 +1.46362803E+02
+1.00054230E-0 +1.39302047E-03 +1.46385849E+02
+1.00053680E-0 
 +1.46341938E+02
+1.00049563E-0 +1.39416540E-03 +1.46085563E+02
+1.00050304E-0 
 +1.45581324E+02
+1.00050934E-0 +1.20682859E-03 +1.44215171E+02
+1.00055731E-0 
 +1.42587922E+02
+1.00054421E-0 +8.66670678E-04 +1.40434302E+02
+1.00051474E-0 
 +1.38559935E+02
+1.00047804E-0 +5.13886763E-04 +1.36321187E+02
+1.00048930E-0 
 +1.34351316E+02
+1.00054816E-0 +1.70775630E-04 +1.31917639E+02
+1.00051854E-0 
 +1.29819265E+02
+1.00056487E-0 -6.83339009E-06 +1.27373926E+02
+1.00051941E-0 
 +1.25371270E+02
+1.00051714E-0 -5.78240828E-05 +1.23053759E+02
+1.00049379E-0 
 +1.21059875E+02
+1.00053600E-0 -4.81339952E-05 +1.18754057E+02
+1.00053685E-0 
 +1.16863166E+02
+1.00054123E-0 -2.83627855E-05 +1.14687312E+02
+1.00051633E-0 
 +1.12937698E+02
+1.00050324E-0 -1.03289970E-05 +1.10775408E+02
+1.00053525E-0 
 +1.09017891E+02
+1.00052967E-0 +2.22106226E-06 +1.06984899E+02
+1.00053018E-0 
 +1.05322083E+02
+1.00049328E-0 +3.25799256E-06 +1.03324678E+02
+1.00052177E-0 
 +1.01643225E+02
+1.00050559E-0 +3.79248339E-06 +9.97440819E+01
+1.00054209E-0 
 +9.83294777E+01
+1.00049594E-0 +3.28462129E-06 +9.67987315E+01
+1.00054317E-0 
 +9.56938346E+01
+1.00054994E-0 +1.99652535E-06 +9.45400184E+01
+1.00051614E-0 
 +9.37091612E+01
+1.00058945E-0 +1.85224008E-06 +9.28019964E+01
+1.00055069E-0 
 +9.20879852E+01
+1.00051901E-0 +9.86313045E-07 +9.12914443E+01
+1.00053374E-0 
 +9.07420991E+01
+1.00051115E-0 +8.20613013E-07 +9.01568954E+01
+1.00058790E-0 
 +8.97106762E+01
+1.00050485E-0 +8.25895070E-07 +8.92307140E+01
+1.00045723E-0 
 +8.88996301E+01
+1.00050898E-0 +4.94597694E-07 +8.85573163E+01
+1.00053786E-0 
 +8.83329617E+01
+1.00049367E-0 +3.98409240E-07 +8.80636888E+01
+1.00056334E-0 
 +8.79166894E+01
+1.00052892E-0 +3.28880270E-07 +8.76902114E+01
+1.00057536E-0 
 +8.75298154E+01
+1.00055378E-0 +5.10521610E-08 +8.73619645E+01
+1.00058408E-0 
 +8.72018858E+01
+1.00053014E-0 -1.12489144E-06 +8.70335961E+01
+1.00052314E-0 
 +8.68971460E+01
+1.00052383E-0 -7.56158656E-07 +8.67536219E+01
+1.00053646E-0 
 +8.66266303E+01
+1.00052697E-0 +1.41799477E-07 +8.64661543E+01
+1.00051318E-0 
 +8.63384619E+01
+1.00050525E-0 -4.19415006E-07 +8.62113068E+01
+1.00051269E-0 
 +8.60935716E+01
+1.00054216E-0 -3.76693292E-07 +8.59655362E+01
+1.00057356E-0 
 +8.58482183E+01
+1.00053519E-0 +2.75468971E-07 +8.57142759E+01
+1.00058743E-0 
 +8.56056464E+01
+1.00060318E-0 -5.05889302E-08 +8.54949122E+01
+1.00054719E-0 
 +8.53724235E+01
+1.00053966E-0 -5.90473189E-07 +8.52486353E+01
+1.00051047E-0 
 +8.51348703E+01
+1.00053737E-0 -1.14742336E-07 +8.49930634E+01
+1.00052187E-0 
 +8.48578426E+01
+1.00054624E-0 +4.62513497E-07 +8.47055661E+01
+1.00052191E-0 
 +8.45515972E+01
+1.00045757E-0 +6.69737479E-08 +8.43957877E+01
+1.00049757E-0 
 +8.42636068E+01
+1.00049029E-0 -4.51400414E-07 +8.41224194E+01
+1.00048907E-0 
 +8.40042199E+01
+1.00054754E-0 +1.89832543E-07 +8.38690259E+01
+1.00055013E-0 
 +8.37565963E+01
+1.00056921E-0 -4.56824742E-07 +8.36334350E+01
+1.00054691E-0 
 +8.35544694E+01
+1.00058601E-0 -4.53278822E-08 +8.34585580E+01
+1.00056943E-0 
 +8.33830404E+01
+1.00056699E-0 -6.49180223E-07 +8.32741853E+01
+1.00057737E-0 
 +8.31913292E+01
+1.00057186E-0 +3.87698916E-07 +8.30937761E+01
+1.00054223E-0 
 +8.30193025E+01
+1.00055365E-0 -1.84193241E-07 +8.29370267E+01
+1.00051590E-0 
 +8.28753172E+01
+1.00056311E-0 -7.50812388E-07 +8.27732603E+01
+1.00051628E-0 
 +8.27202350E+01
+1.00055135E-0 -5.79770284E-07 +8.26433651E+01
+1.00052256E-0 
 +8.25935182E+01
+1.00055075E-0 +1.84626432E-07 +8.25112663E+01
+1.00053320E-0 -3.33901949E-07 +8.24427939E+01
+1.00060421E-0 
 +8.24136598E+01
+1.00053649E-0 -5.06278688E-08 +8.23419463E+01
+1.00058690E-0 
 +8.23017865E+01
+1.00056660E-0 -4.72876624E-07 +8.22660931E+01
+1.00053567E-0 
 +8.22218540E+01
+1.00059055E-0 -6.67020269E-08 +8.21876672E+01
+1.00060397E-0 
 +8.21552746E+01
+1.00066050E-0 -7.08044897E-07 +8.21232170E+01
+1.00060658E-0 
 +8.21018990E+01
+1.00065115E-0 -4.51473866E-07 +8.20600575E+01
+1.00064058E-0 
 +8.20333317E+01
+1.00066477E-0 -6.13744697E-08 +8.20368306E+01
+1.00063078E-0 
 +8.20082840E+01
+1.00062544E-0 -4.35409549E-07 +8.19785503E+01
+1.00057260E-0 
 +8.19674536E+01
+1.00062499E-0 +6.38934296E-07 +8.19363438E+01
+1.00061579E-0 
 +8.19282985E+01
+1.00065262E-0 -1.00741714E-06 +8.19186859E+01
+1.00060685E-0 
 +8.19119103E+01
+1.00069057E-0 -2.10944648E-07 +8.18964152E+01
+1.00067564E-0 
 +8.18962254E+01
+1.00062083E-0 +5.21267493E-07 +8.18877016E+01
+1.00065554E-0 
 +8.18940952E+01
+1.00055471E-0 -6.27791090E-07 +8.19065103E+01
+1.00063132E-0 
 +8.19136952E+01
+1.00057063E-0 -4.94213634E-07 +8.19041551E+01
+1.00052808E-0 
 +8.19239039E+01
+1.00058251E-0 -2.05572251E-07 +8.19465308E+01
+1.00058679E-0 
 +8.19553632E+01
+1.00060174E-0 -1.68298806E-07 +8.19689737E+01
+1.00061269E-0 
 +8.19774682E+01
+1.00059551E-0 +4.89189917E-07 +8.20232536E+01
+1.00063559E-0 
 +8.20396301E+01
+1.00059926E-0 +2.05929366E-07 +8.20881055E+01
+1.00062081E-0 
 +8.20903925E+01
+1.00065449E-0 +5.05249639E-07 +8.21442094E+01
+1.00062676E-0 
 +8.21757233E+01
+1.00062015E-0 -7.82876754E-07 +8.22017935E+01
+1.00061255E-0 
 +8.22468799E+01
+1.00061758E-0 -5.10362191E-07 +8.22721572E+01
+1.00060181E-0 
 +8.23224571E+01
+1.00061665E-0 +1.17876293E-06 +8.23752621E+01
+1.00054757E-0 
 +8.23856352E+01
+1.00060034E-0 +8.63384688E-07 +8.24005117E+01
+1.00060085E-0 
 +8.24714362E+01
+1.00061252E-0 -5.05901169E-08 +8.24974507E+01
+1.00060766E-0 
 +8.25249653E+01
+1.00061609E-0 +3.23487896E-07 +8.25897251E+01
+1.00060580E-0 
 +8.26263572E+01
+1.00062449E-0 +1.14139775E-06 +8.26755680E+01
+1.00058486E-0 
 +8.27239527E+01
+1.00057312E-0 +5.31944008E-07 +8.27876459E+01
+1.00054509E-0 
 +8.28236252E+01
+1.00055674E-0 +5.48026931E-07 +8.28814504E+01
+1.00060057E-0 
 +8.29247359E+01
+1.00063284E-0 -2.53696569E-07 +8.29766825E+01
+1.00056324E-0 
 +8.30531334E+01
+1.00055539E-0 +6.70936629E-07 +8.30963412E+01
