+1.00063281E-0 
 +8.24001173E+01
+1.00067721E-0 +5.80110352E-07 +8.24485785E+01
+1.00074488E-0 
 +8.25080121E+01
+1.00070905E-0 +8.74047254E-07 +8.25657178E+01
+1.00074591E-0 
 +8.25955304E+01
+1.00070495E-0 +9.36754237E-08 +8.26680886E+01
+1.00078485E-0 
 +8.27281542E+01
+1.00077036E-0 +5.80144657E-07 +8.27693974E+01
+1.00068764E-0 
 +8.28166483E+01
+1.00073044E-0 +7.03067943E-07 +8.28558119E+01
+1.00064161E-0 
 +8.29346224E+01
+1.00069509E-0 -2.85758256E-07 +8.30225038E+01
+1.00072521E-0 
 +8.30633190E+01
+1.00071772E-0 +2.38035619E-07 +8.31233456E+01
+1.00067072E-0 
 +8.31989690E+01
+1.00072357E-0 +1.68121591E-06 +8.32590807E+01
+1.00073409E-0 
 +8.33441076E+01
+1.00067946E-0 +1.41931276E-06 +8.33822742E+01
+1.00068181E-0 
 +8.34710591E+01
+1.00065023E-0 +1.54218420E-06 +8.35575537E+01
+1.00072788E-0 
 +8.36167812E+01
+1.00070746E-0 +1.10381505E-06 +8.37097131E+01
+1.00067044E-0 
 +8.37824462E+01
+1.00068087E-0 +4.57144107E-07 +8.38536633E+01
+1.00073608E-0 
 +8.39336022E+01
+1.00073400E-0 +5.31986703E-07 +8.40107111E+01
+1.00073699E-0 
 +8.41011290E+01
+1.00071207E-0 +1.18406029E-06 +8.41865863E+01
+1.00071569E-0 
 +8.42490196E+01
+1.00072492E-0 +2.48706250E-07 +8.43543914E+01
+1.00070980E-0 
 +8.44137669E+01
+1.00070548E-0 +1.87892629E-06 +8.45024159E+01
+1.00074317E-0 
 +8.45808782E+01
+1.00078641E-0 +9.38110756E-07 +8.46594616E+01
+1.00074054E-0 
 +8.47344066E+01
+1.00076152E-0 +3.12784793E-07 +8.48232958E+01
+1.00074846E-0 
 +8.49059940E+01
+1.00073498E-0 +9.32817236E-07 +8.49917839E+01
+1.00070911E-0 
 +8.50806731E+01
+1.00070287E-0 +1.79869514E-06 +8.51595029E+01
+1.00077827E-0 
 +8.52237988E+01
+1.00078047E-0 +1.44062980E-06 +8.52856393E+01
+1.00071791E-0 
 +8.53742948E+01
+1.00077212E-0 +1.37655517E-06 +8.54680032E+01
+1.00073857E-0 
 +8.55455904E+01
+1.00073851E-0 +1.72923703E-06 +8.56209169E+01
+1.00074831E-0 
 +8.57061670E+01
+1.00076199E-0 +8.36555287E-07 +8.58052991E+01
+1.00075011E-0 
 +8.58758500E+01
+1.00069401E-0 +1.25895949E-06 +8.59872881E+01
+1.00074693E-0 
 +8.60650093E+01
+1.00072759E-0 +1.82013879E-06 +8.61606856E+01
+1.00076920E-0 
 +8.62599084E+01
+1.00075551E-0 +9.06192210E-07 +8.63392781E+01
+1.00070528E-0 
 +8.64397578E+01
+1.00070528E-0 +1.26421097E-06 +8.65591315E+01
+1.00074633E-0 
 +8.66321719E+01
+1.00069075E-0 +1.72396866E-06 +8.67414039E+01
+1.00070861E-0 
 +8.68433219E+01
+1.00070993E-0 +1.06109732E-06 +8.69394217E+01
+1.00071391E-0 
 +8.70606292E+01
+1.00072171E-0 +1.54208994E-06 +8.71306627E+01
+1.00073382E-0 
 +8.72418886E+01
+1.00074741E-0 +7.67229134E-07 +8.73531896E+01
+1.00071916E-0 
 +8.74420979E+01
+1.00069463E-0 +1.95375229E-06 +8.81481520E+01
+1.00071585E-0 
 +8.82360255E+01
+1.00074765E-0 +1.32305900E-06 +8.83340015E+01
+1.00077422E-0 
 +8.84055307E+01
+1.00069340E-0 +1.69184437E-06 +8.85184496E+01
+1.00072908E-0 
 +8.86100299E+01
+1.00074106E-0 +1.41916945E-06 +8.87177224E+01
+1.00073163E-0 
 +8.87947451E+01
+1.00077111E-0 +1.87897560E-06 +8.88912078E+01
+1.00072466E-0 
 +8.89869829E+01
+1.00075612E-0 +8.63413673E-07 +8.90976112E+01
+1.00075586E-0 
 +8.91645228E+01
+1.00076363E-0 +1.92178130E-06 +8.92639336E+01
+1.00078222E-0 
 +8.93502126E+01
+1.00072657E-0 +1.06107647E-06 +8.94522949E+01
+1.00073845E-0 
 +8.95113277E+01
+1.00073227E-0 +1.90019858E-06 +8.96134756E+01
+1.00074386E-0 
 +8.97090591E+01
+1.00082600E-0 +1.38184983E-06 +8.97832795E+01
+1.00070386E-0 
 +8.98528842E+01
+1.00077712E-0 +1.41386123E-06 +8.99585135E+01
+1.00075277E-0 
 +9.00258660E+01
+1.00076107E-0 +6.12135836E-07 +9.01164343E+01
+1.00083418E-0 
 +9.01860813E+01
+1.00081620E-0 +3.82389764E-07 +9.02644675E+01
+1.00075091E-0 
 +9.03765962E+01
+1.00073104E-0 +1.50475881E-06 +9.04390260E+01
+1.00069497E-0 
 +9.05089094E+01
+1.00078767E-0 +1.17338381E-06 +9.05920222E+01
+1.00068721E-0 
 +9.06688189E+01
+1.00070806E-0 +1.14127013E-06 +9.07522043E+01
+1.00073671E-0 
 +9.08181258E+01
+1.00071976E-0 +2.38081899E-07 +9.09048617E+01
+1.00066826E-0 
 +9.09699445E+01
+1.00073848E-0 +8.52613929E-07 +9.10623564E+01
+1.00067955E-0 
 +9.11419459E+01
+1.00071283E-0 +4.83843038E-07 +9.12132114E+01
+1.00071328E-0 
 +9.12986533E+01
+1.00063722E-0 +8.52598663E-07 +9.16442863E+01
+1.00072615E-0 
 +9.16942904E+01
+1.00070178E-0 -1.20138042E-07 +9.17982208E+01
+1.00069102E-0 
 +9.18785218E+01
+1.00070475E-0 +1.37110928E-06 +9.19351413E+01
+1.00072076E-0 
 +9.20234152E+01
+1.00066457E-0 +6.65618829E-07 +9.20938521E+01
+1.00066107E-0 
 +9.21452507E+01
+1.00062396E-0 +7.61756333E-07 +9.22330490E+01
+1.00065565E-0 
 +9.23165024E+01
+1.00072638E-0 +1.30702484E-06 +9.23832199E+01
+1.00069170E-0 
 +9.24400367E+01
+1.00068750E-0 +6.12122047E-07 +9.25365172E+01
+1.00071491E-0 
 +9.26137056E+01
+1.00071718E-0 +2.54084871E-07 +9.26931393E+01
+1.00069056E-0 
 +9.27668507E+01
+1.00072840E-0 +7.13720629E-07 +9.28236356E+01
+1.00071712E-0 
 +9.29016161E+01
+1.00070358E-0 +7.51099328E-07 +9.30049982E+01
+1.00072251E-0 
 +9.30593009E+01
+1.00074601E-0 +8.15184219E-07 +9.31311513E+01
+1.00075066E-0 
 +9.32127648E+01
+1.00073017E-0 +3.76956720E-07 +9.32714387E+01
+1.00073081E-0 
 +9.33543217E+01
+1.00071121E-0 +5.47985007E-07 +9.34224919E+01
+1.00070193E-0 
 +9.34972229E+01
+1.00068371E-0 +1.95138932E-07 +9.35671836E+01
+1.00073498E-0 
 +9.36263799E+01
+1.00068757E-0 -4.78141511E-07 +9.37241881E+01
+1.00073462E-0 
 +9.37663621E+01
+1.00072099E-0 -2.53693063E-07 +9.38467373E+01
+1.00076484E-0 
 +9.39162432E+01
+1.00070943E-0 +4.14357512E-07 +9.39901997E+01
+1.00074647E-0 
 +9.40695595E+01
+1.00077915E-0 -8.80264157E-08 +9.41472259E+01
+1.00081619E-0 
 +9.41978838E+01
+1.00078215E-0 -1.04045659E-07 +9.42813582E+01
+1.00080346E-0 
 +9.43422648E+01
+1.00078262E-0 -3.39286617E-07 +9.44278466E+01
+1.00073895E-0 
 +9.45008886E+01
+1.00079405E-0 -1.28524842E-06 +9.45682014E+01
+1.00076817E-0 
 +9.46469512E+01
+1.00076794E-0 -1.14704519E-07 +9.47049372E+01
+1.00075337E-0 
 +9.47875057E+01
+1.00076602E-0 -6.06505741E-07 +9.48434938E+01
+1.00069213E-0 
 +9.49183809E+01
+1.00073384E-0 -2.53665335E-09 +9.50087827E+01
+1.00076230E-0 
 +9.50500444E+01
+1.00071504E-0 -2.32323381E-07 +9.51321977E+01
+1.00073113E-0 
 +9.51893340E+01
+1.00073762E-0 -1.03397660E-06 +9.52687393E+01
+1.00077225E-0 
 +9.53500178E+01
+1.00073188E-0 -1.32263873E-06 +9.54263820E+01
+1.00075176E-0 
 +9.54851500E+01
+1.00073442E-0 +3.48286808E-08 +9.55576644E+01
+1.00073331E-0 
 +9.55984781E+01
+1.00071986E-0 -4.51454892E-07 +9.56966378E+01
+1.00076083E-0 
 +9.57492556E+01
+1.00077615E-0 -8.04160037E-07 +9.58382175E+01
+1.00076307E-0 
 +9.59134959E+01
+1.00068096E-0 -7.02696344E-07 +9.59537522E+01
+1.00069670E-0 
 +9.60084159E+01
+1.00072443E-0 +2.81499450E-09 +9.60964199E+01
+1.00067463E-0 
 +9.61826475E+01
+1.00074302E-0 -4.24796920E-07 +9.62337638E+01
+1.00075034E-0 
 +9.63135708E+01
+1.00072807E-0 -5.04879981E-07 +9.63671866E+01
+1.00063696E-0 
 +9.64271914E+01
+1.00072594E-0 -1.00208363E-06 +9.65291283E+01
+1.00072574E-0 
 +9.65725730E+01
+1.00072562E-0 -9.21784730E-07 +9.66561948E+01
+1.00062404E-0 
 +9.67349084E+01
+1.00067771E-0 -1.10891556E-06 +9.68072546E+01
+1.00066633E-0 
 +9.68898934E+01
+1.00073996E-0 -1.15696999E-06 +9.69515051E+01
+1.00068079E-0 
 +9.70119094E+01
+1.00069704E-0 -1.21586677E-06 +9.70992208E+01
+1.00070911E-0 
 +9.71589413E+01
+1.00071519E-0 -1.39224732E-06 +9.72336283E+01
+1.00072730E-0 
 +9.72910115E+01
+1.00072641E-0 -1.01814428E-06 +9.73684815E+01
+1.00070295E-0 
 +9.74262485E+01
+1.00068597E-0 -4.08682568E-07 +9.75043261E+01
+1.00069406E-0 
 +9.75628680E+01
+1.00073243E-0 -1.81450759E-06 +9.76690787E+01
+1.00073147E-0 
 +9.77248817E+01
+1.00071054E-0 -1.95884065E-06 +9.77982859E+01
+1.00061867E-0 
 +9.78833450E+01
+1.00070123E-0 -2.94760233E-06 +9.79380074E+01
+1.00065449E-0 
 +9.80079080E+01
+1.00075091E-0 -1.09292606E-06 +9.80823204E+01
+1.00075394E-0 
 +9.81512525E+01
+1.00066383E-0 -1.46165951E-06 +9.82184441E+01
+1.00072582E-0 
 +9.82944853E+01
+1.00072271E-0 -1.73425174E-06 +9.83579943E+01
+1.00072309E-0 
 +9.84340402E+01
+1.00077122E-0 -2.20468123E-06 +9.84924852E+01
+1.00080415E-0 
 +9.85704011E+01
+1.00077714E-0 -1.92134621E-06 +9.86456149E+01
+1.00071825E-0 
 +9.87289166E+01
+1.00067734E-0 -1.57387140E-06 +9.87987969E+01
+1.00064856E-0 
 +9.88648832E+01
+1.00068968E-0 -1.39760923E-06 +9.89585736E+01
+1.00067175E-0 
 +9.90132708E+01
+1.00066745E-0 -2.78724278E-06 +9.90822086E+01
+1.00065022E-0 
 +9.91422201E+01
+1.00060071E-0 -3.57827948E-06 +9.92337040E+01
+1.00066988E-0 
 +9.93188768E+01
+1.00062779E-0 -2.76052532E-06 +9.93841576E+01
+1.00070621E-0 
 +9.94451059E+01
+1.00064640E-0 -7.82845743E-07 +9.95542559E+01
+1.00064200E-0 
 +9.95985569E+01
+1.00065387E-0 -1.71820165E-06 +9.97011838E+01
+1.00065186E-0 
 +9.97547145E+01
+1.00062800E-0 -1.93202883E-06 +9.98394746E+01
+1.00063957E-0 
 +9.99319214E+01
+1.00065446E-0 -2.19929596E-06 +1.00017143E+02
+1.00072497E-0 
 +1.00082340E+02
+1.00066904E-0 -2.51997403E-06 +1.00184331E+02
+1.00070637E-0 
 +1.00282031E+02
+1.00065521E-0 -2.78186232E-06 +1.00353430E+02
+1.00061926E-0 
 +1.00428708E+02
+1.00067345E-0 -1.79303704E-06 +1.00511897E+02
+1.00064132E-0 
 +1.00597695E+02
+1.00069629E-0 -2.06564922E-06 +1.00704989E+02
+1.00070801E-0 
 +1.00769628E+02
+1.00065629E-0 -1.30665052E-06 +1.00859427E+02
+1.00070899E-0 
 +1.00962216E+02
+1.00072909E-0 -2.29548267E-06 +1.01063964E+02
+1.00067930E-0 
 +1.01140367E+02
+1.00069065E-0 -1.33876811E-06 +1.01229857E+02
+1.00067466E-0 
 +1.01315880E+02
+1.00067805E-0 -2.15115240E-06 +1.01427995E+02
+1.00071411E-0 
 +1.01520702E+02
+1.00070693E-0 -3.26827518E-06 +1.01620512E+02
+1.00073655E-0 
 +1.01696404E+02
+1.00071359E-0 -1.75564779E-06 +1.01787518E+02
+1.00077980E-0 
 +1.01890327E+02
+1.00074864E-0 -2.66430036E-06 +1.02003012E+02
+1.00077082E-0 
 +1.02090185E+02
+1.00074859E-0 -1.60598019E-06 +1.02231885E+02
+1.00072882E-0 
 +1.02303292E+02
+1.00076924E-0 -2.33284816E-06 +1.02429332E+02
+1.00074492E-0 
 +1.02533459E+02
+1.00078196E-0 -2.58937418E-06 +1.02643849E+02
+1.00076326E-0 
 +1.02748429E+02
+1.00071538E-0 -2.15655756E-06 +1.02857824E+02
+1.00070384E-0 
 +1.02992752E+02
+1.00073404E-0 -2.81394788E-06 +1.03108705E+02
+1.00069110E-0 
 +1.03203670E+02
+1.00071411E-0 -1.79306791E-06 +1.03826486E+02
+1.00074265E-0 
 +1.03926894E+02
+1.00076745E-0 -1.91067594E-06 +1.04095072E+02
+1.00073302E-0 
 +1.04190053E+02
+1.00072995E-0 -1.39756170E-06 +1.04343182E+02
+1.00073115E-0 
 +1.04461397E+02
+1.00073831E-0 -2.25807934E-06 +1.04605822E+02
+1.00071245E-0 
 +1.04713016E+02
+1.00074634E-0 -1.49913438E-06 +1.04858018E+02
+1.00077312E-0 
 +1.04969343E+02
+1.00068552E-0 -1.53112888E-06 +1.05112500E+02
+1.00067920E-0 
 +1.05219563E+02
+1.00070176E-0 -1.66473165E-06 +1.05358374E+02
+1.00070202E-0 
 +1.05473228E+02
+1.00062972E-0 -1.67009581E-06 +1.05607055E+02
+1.00067812E-0 
 +1.05712457E+02
+1.00064877E-0 -2.59077542E-07 +1.05842621E+02
+1.00068031E-0 
 +1.05964197E+02
+1.00065631E-0 +2.64665807E-07 +1.06093618E+02
+1.00069903E-0 
 +1.06208528E+02
+1.00070348E-0 +1.76131231E-06 +1.06333707E+02
+1.00067000E-0 
 +1.06432904E+02
+1.00070137E-0 +2.04991276E-06 +1.06569328E+02
+1.00067360E-0 
 +1.06673981E+02
+1.00063404E-0 +3.77633822E-06 +1.06807072E+02
+1.00067759E-0 
 +1.06906355E+02
+1.00067797E-0 +4.69575680E-06 +1.07040589E+02
+1.00070326E-0 
 +1.07132010E+02
+1.00068925E-0 +5.33710826E-06 +1.07253881E+02
+1.00072994E-0 
 +1.07344496E+02
+1.00066376E-0 +7.98281791E-06 +1.07482678E+02
+1.00066886E-0 
 +1.07562085E+02
+1.00069895E-0 +9.13206839E-06 +1.07713767E+02
+1.00072027E-0 
 +1.07805366E+02
+1.00070062E-0 +1.16441623E-05 +1.07935128E+02
+1.00062413E-0 
 +1.08027431E+02
+1.00063440E-0 +1.28467034E-05 +1.08165657E+02
+1.00069306E-0 
 +1.08251131E+02
+1.00068341E-0 +1.60483850E-05 +1.08378781E+02
+1.00070709E-0 
 +1.08482980E+02
+1.00071026E-0 +1.78284600E-05 +1.08596576E+02
+1.00068335E-0 
 +1.08690526E+02
+1.00072118E-0 +2.09176036E-05 +1.08825805E+02
+1.00066395E-0 
 +1.08915587E+02
+1.00071116E-0 +2.27725633E-05 +1.09045230E+02
+1.00059215E-0 
 +1.09144567E+02
+1.00067192E-0 +2.67703234E-05 +1.09263638E+02
+1.00062923E-0 
 +1.09361508E+02
+1.00066926E-0 +3.03995241E-05 +1.09488540E+02
+1.00061484E-0 
 +1.09581695E+02
+1.00062644E-0 +3.34676590E-05 +1.09695746E+02
+1.00066360E-0 
 +1.09783012E+02
+1.00066751E-0 +3.80429490E-05 +1.09926643E+02
+1.00062825E-0 
 +1.10020306E+02
+1.00066918E-0 +4.21000266E-05 +1.10150830E+02
+1.00060363E-0 
 +1.10242528E+02
+1.00062517E-0 +4.71353779E-05 +1.10353905E+02
+1.00061834E-0 
 +1.10485124E+02
+1.00065658E-0 +5.28865288E-05 +1.10606346E+02
+1.00071979E-0 
 +1.10684812E+02
+1.00066179E-0 +5.81295755E-05 +1.10800373E+02
+1.00063819E-0 
 +1.10903937E+02
+1.00068538E-0 +6.31484654E-05 +1.11022492E+02
+1.00061431E-0 
 +1.11108964E+02
+1.00063425E-0 +7.15291902E-05 +1.11239817E+02
+1.00057606E-0 
 +1.11345572E+02
+1.00063581E-0 +7.81675491E-05 +1.11446591E+02
+1.00062057E-0 
 +1.11542311E+02
+1.00061742E-0 +8.71691741E-05 +1.11664458E+02
+1.00060390E-0 
 +1.11747325E+02
+1.00058829E-0 +9.44485768E-05 +1.11871342E+02
+1.00065177E-0 
 +1.11970211E+02
+1.00063488E-0 +1.04893417E-04 +1.12069734E+02
+1.00063334E-0 
 +1.12182116E+02
+1.00065077E-0 +1.13391625E-04 +1.12293265E+02
+1.00059844E-0 
 +1.12394572E+02
+1.00067188E-0 +1.22776820E-04 +1.12504439E+02
+1.00066868E-0 
 +1.12598042E+02
+1.00070864E-0 +1.33456679E-04 +1.12711307E+02
+1.00068968E-0 
 +1.12807604E+02
+1.00070648E-0 +1.45241078E-04 +1.12923942E+02
+1.00059844E-0 
 +1.13009516E+02
+1.00064648E-0 +1.57224679E-04 +1.13112734E+02
+1.00063492E-0 
 +1.13213647E+02
+1.00061079E-0 +1.69369797E-04 +1.13322537E+02
+1.00062632E-0 
 +1.13397910E+02
+1.00061746E-0 +1.83817693E-04 +1.13497161E+02
+1.00061309E-0 
 +1.13593122E+02
+1.00059266E-0 +1.96703552E-04 +1.13691860E+02
+1.00059697E-0 
 +1.13781724E+02
+1.00062896E-0 +2.12058646E-04 +1.13898022E+02
+1.00058021E-0 
 +1.13972529E+02
+1.00063747E-0 +2.26340477E-04 +1.14089617E+02
+1.00066342E-0 
 +1.14167874E+02
+1.00067924E-0 +2.40842308E-04 +1.14288660E+02
+1.00068000E-0 
 +1.14358661E+02
+1.00065567E-0 +2.58220395E-04 +1.14463850E+02
+1.00064154E-0 
 +1.14541422E+02
+1.00063858E-0 +2.73307857E-04 +1.14652979E+02
+1.00064291E-0 
 +1.14743134E+02
+1.00064943E-0 +2.90069714E-04 +1.14823342E+02
+1.00063786E-0 
 +1.14930702E+02
+1.00062853E-0 +3.07361231E-04 +1.15028976E+02
+1.00068628E-0 
 +1.15105256E+02
+1.00061975E-0 +3.25168987E-04 +1.15218949E+02
+1.00066755E-0 
 +1.15295450E+02
+1.00067342E-0 +3.43844397E-04 +1.15373877E+02
+1.00067082E-0 
 +1.15471938E+02
+1.00065924E-0 +3.63268344E-04 +1.15580211E+02
+1.00069453E-0 
 +1.15659370E+02
+1.00071080E-0 +3.80902735E-04 +1.15759848E+02
+1.00063476E-0 
 +1.15835824E+02
+1.00064766E-0 +3.99070307E-04 +1.15936144E+02
+1.00054765E-0 
 +1.16018151E+02
+1.00059537E-0 +4.16739202E-04 +1.16117098E+02
+1.00064468E-0 
 +1.16212484E+02
+1.00060439E-0 +4.35320856E-04 +1.16303666E+02
+1.00065734E-0 
 +1.16387154E+02
+1.00066226E-0 +4.52615505E-04 +1.16490017E+02
+1.00066187E-0 
 +1.16578042E+02
+1.00068925E-0 +4.69689563E-04 +1.16657067E+02
+1.00061575E-0 
 +1.16744815E+02
+1.00064623E-0 +4.88877513E-04 +1.16832290E+02
+1.00061608E-0 
 +1.16924568E+02
+1.00060239E-0 +5.07363877E-04 +1.17024442E+02
+1.00062928E-0 
 +1.17114855E+02
+1.00063418E-0 +5.25697070E-04 +1.17199559E+02
+1.00062540E-0 
 +1.17286615E+02
+1.00064092E-0 +5.43896514E-04 +1.17389518E+02
+1.00062285E-0 
 +1.17468703E+02
+1.00058105E-0 +5.62001624E-04 +1.17571804E+02
+1.00060926E-0 
 +1.17643306E+02
+1.00064045E-0 +5.80348659E-04 +1.17751387E+02
+1.00059086E-0 
 +1.17826311E+02
+1.00065296E-0 +5.98293532E-04 +1.17930231E+02
+1.00064970E-0 
 +1.18020140E+02
+1.00062038E-0 +6.17380778E-04 +1.18102963E+02
+1.00063706E-0 
 +1.18193470E+02
+1.00067312E-0 +6.36618574E-04 +1.18288640E+02
+1.00066677E-0 
 +1.18378456E+02
+1.00062058E-0 +6.53900373E-04 +1.18463679E+02
+1.00061162E-0 
 +1.18539070E+02
+1.00066400E-0 +6.74118173E-04 +1.18638392E+02
+1.00066888E-0 
 +1.18715770E+02
+1.00065807E-0 +6.89666702E-04 +1.18799253E+02
+1.00063367E-0 
 +1.18879611E+02
+1.00069588E-0 +7.09246675E-04 +1.18981989E+02
+1.00072056E-0 
 +1.19068723E+02
+1.00064432E-0 +7.28905096E-04 +1.19172440E+02
+1.00059490E-0 
 +1.19260959E+02
+1.00063363E-0 +7.49723351E-04 +1.19348738E+02
+1.00063744E-0 
 +1.19417535E+02
+1.00066073E-0 +7.69866249E-04 +1.19511103E+02
+1.00067699E-0 
 +1.19577863E+02
+1.00059719E-0 +7.88840543E-04 +1.19683999E+02
+1.00065214E-0 
 +1.19769136E+02
+1.00061101E-0 +8.09418174E-04 +1.19856646E+02
+1.00064175E-0 
 +1.19926030E+02
+1.00072365E-0 +8.29075614E-04 +1.20013420E+02
+1.00070954E-0 
 +1.20106111E+02
+1.00066298E-0 +8.46911921E-04 +1.20198346E+02
+1.00063403E-0 
 +1.20262853E+02
+1.00061173E-0 +8.64148502E-04 +1.20358630E+02
+1.00062808E-0 
 +1.20439844E+02
+1.00059293E-0 +8.80511669E-04 +1.20529200E+02
+1.00061785E-0 
 +1.20609528E+02
+1.00061737E-0 +8.97485672E-04 +1.20700945E+02
+1.00067107E-0 
 +1.20789090E+02
+1.00067612E-0 +9.13134047E-04 +1.20873597E+02
+1.00063608E-0 
 +1.20932117E+02
+1.00071811E-0 +9.29709272E-04 +1.21030366E+02
+1.00064521E-0 
 +1.21094083E+02
+1.00066889E-0 +9.47533653E-04 +1.21196912E+02
+1.00067716E-0 
 +1.21278776E+02
+1.00066606E-0 +9.60674475E-04 +1.21349106E+02
+1.00064993E-0 
 +1.21438058E+02
+1.00066317E-0 +9.74037980E-04 +1.21539029E+02
+1.00067470E-0 
 +1.21620898E+02
+1.00066387E-0 +9.87442835E-04 +1.21696655E+02
+1.00067000E-0 
 +1.21777582E+02
+1.00068405E-0 +9.98274093E-04 +1.21861815E+02
+1.00064298E-0 
 +1.21946747E+02
+1.00068325E-0 +1.01003237E-03 +1.22037275E+02
+1.00067158E-0 
 +1.22109139E+02
+1.00066128E-0 +1.02079572E-03 +1.22206763E+02
+1.00064702E-0 
 +1.22278568E+02
+1.00066331E-0 +1.03137209E-03 +1.22368816E+02
+1.00068682E-0 
 +1.22443854E+02
+1.00065734E-0 +1.04041990E-03 +1.22537791E+02
+1.00066586E-0 
 +1.22613163E+02
+1.00064181E-0 +1.04885893E-03 +1.22690478E+02
+1.00066712E-0 
 +1.22780813E+02
+1.00062848E-0 +1.05644453E-03 +1.22869528E+02
+1.00065690E-0 
 +1.22944158E+02
+1.00065351E-0 +1.06405237E-03 +1.23026906E+02
+1.00071342E-0 
 +1.23095821E+02
+1.00062304E-0 +1.07059341E-03 +1.23181023E+02
+1.00067899E-0 
 +1.23263630E+02
+1.00071517E-0 +1.07793795E-03 +1.23343428E+02
+1.00072152E-0 
 +1.23416301E+02
+1.00068095E-0 +1.08729550E-03 +1.23500216E+02
+1.00073101E-0 
 +1.23565057E+02
+1.00066721E-0 +1.09811518E-03 +1.23646126E+02
+1.00073071E-0 
 +1.23717520E+02
+1.00066203E-0 +1.10184646E-03 +1.23802767E+02
+1.00056889E-0 
 +1.23870481E+02
+1.00067348E-0 +1.10891779E-03 +1.23962639E+02
+1.00058245E-0 
 +1.24047118E+02
+1.00063540E-0 +1.11358810E-03 +1.24113070E+02
+1.00057414E-0 
 +1.24184146E+02
+1.00066720E-0 +1.11864884E-03 +1.24283997E+02
+1.00061844E-0 
 +1.24342123E+02
+1.00059562E-0 +1.12620084E-03 +1.24435105E+02
+1.00062244E-0 
 +1.24501860E+02
+1.00058526E-0 +1.12828004E-03 +1.24576678E+02
+1.00063476E-0 
 +1.24654622E+02
