+1.00085860E-0 +1.89518018E-01 +1.42976582E+02
+1.00106054E-0 +1.89483372E-01 +1.43027465E+02
+1.00102623E-0 +1.89450898E-01 +1.43078999E+02
+1.00106696E-0 +1.89413104E-01 +1.43115365E+02
+1.00094269E-0 +1.89353296E-01 +1.43161940E+02
+1.00099777E-0 +1.89322904E-01 +1.43205219E+02
+1.00078423E-0 +1.89248421E-01 +1.43251206E+02
+1.00075405E-0 +1.89208587E-01 +1.43289612E+02
+1.00080062E-0 +1.89168374E-01 +1.43341994E+02
+1.00070431E-0 +1.89095469E-01 +1.43391792E+02
+1.00085483E-0 +1.89101825E-01 +1.43435446E+02
+1.00078457E-0 +1.89061682E-01 +1.43486440E+02
+1.00076177E-0 +1.88990027E-01 +1.43538729E+02
+1.00087621E-0 +1.88982482E-01 +1.43572429E+02
+1.00079677E-0 +1.88929858E-01 +1.43614935E+02
+1.00093130E-0 +1.88939338E-01 +1.43666427E+02
+1.00086968E-0 +1.88885362E-01 +1.43717332E+02
+1.00085908E-0 +1.88858098E-01 +1.43756396E+02
+1.00073041E-0 +1.88792635E-01 +1.43805109E+02
+1.00073551E-0 +1.88745162E-01 +1.43850215E+02
+1.00078888E-0 +1.88753034E-01 +1.43888461E+02
+1.00085864E-0 +1.88718155E-01 +1.43928185E+02
+1.00081764E-0 +1.88677679E-01 +1.43974871E+02
+1.00104834E-0 +1.88673642E-01 +1.44017916E+02
+1.00087726E-0 +1.88616863E-01 +1.44056039E+02
+1.00096877E-0 +1.88612621E-01 +1.44101788E+02
+1.00086889E-0 +1.88570647E-01 +1.44156004E+02
+1.00095134E-0 +1.88535856E-01 +1.44198413E+02
+1.00098537E-0 +1.88513002E-01 +1.44229640E+02
+1.00062866E-0 +1.88403817E-01 +1.44288429E+02
+1.00063729E-0 +1.88418426E-01 +1.44328304E+02
+1.00058192E-0 +1.88376728E-01 +1.44371677E+02
+1.00066917E-0 +1.88337458E-01 +1.44406437E+02
+1.00057894E-0 +1.88320931E-01 +1.44449432E+02
+1.00076006E-0 +1.88289321E-01 +1.44494617E+02
+1.00065957E-0 +1.88276325E-01 +1.44544597E+02
+1.00071278E-0 +1.88227430E-01 +1.44583306E+02
+1.00063919E-0 +1.88206525E-01 +1.44619213E+02
+1.00074546E-0 +1.88211237E-01 +1.44658877E+02
+1.00072844E-0 +1.88171119E-01 +1.44707340E+02
+1.00065520E-0 +1.88146146E-01 +1.44752457E+02
+1.00056616E-0 +1.88089742E-01 +1.44781051E+02
+1.00070060E-0 +1.88084120E-01 +1.44816929E+02
+1.00082066E-0 +1.88072431E-01 +1.44860344E+02
+1.00083425E-0 +1.88086796E-01 +1.44901756E+02
+1.00082011E-0 +1.88055663E-01 +1.44941379E+02
+1.00077145E-0 +1.88003461E-01 +1.44990773E+02
+1.00078266E-0 +1.87972002E-01 +1.45016166E+02
+1.00077014E-0 +1.87939659E-01 +1.45057104E+02
+1.00096333E-0 +1.87941263E-01 +1.45108289E+02
+1.00081754E-0 +1.87937960E-01 +1.45143857E+02
+1.00088182E-0 +1.87904247E-01 +1.45184721E+02
+1.00105322E-0 +1.87936441E-01 +1.45213009E+02
+1.00087502E-0 +1.87867284E-01 +1.45257814E+02
+1.00089172E-0 +1.87837640E-01 +1.45300331E+02
+1.00100907E-0 +1.87849378E-01 +1.45335873E+02
+1.00103141E-0 +1.87842201E-01 +1.45367868E+02
+1.00105106E-0 +1.87832998E-01 +1.45404745E+02
+1.00075814E-0 +1.87746897E-01 +1.45445142E+02
+1.00092493E-0 +1.87769774E-01 +1.45483909E+02
+1.00090537E-0 +1.87739204E-01 +1.45533495E+02
+1.00082539E-0 +1.87691882E-01 +1.45585544E+02
+1.00088560E-0 +1.87698373E-01 +1.45603500E+02
+1.00077610E-0 +1.87669338E-01 +1.45639444E+02
+1.00101559E-0 +1.87704162E-01 +1.45681590E+02
+1.00106137E-0 +1.87679150E-01 +1.45730292E+02
+1.00123034E-0 +1.87668132E-01 +1.45757615E+02
+1.00138688E-0 +1.87695505E-01 +1.45810364E+02
+1.00112037E-0 +1.87637495E-01 +1.45842995E+02
+1.00118468E-0 +1.87656901E-01 +1.45882943E+02
+1.00128863E-0 +1.87628227E-01 +1.45930262E+02
+1.00125941E-0 +1.87610591E-01 +1.45955760E+02
+1.00100728E-0 +1.87547493E-01 +1.45997706E+02
+1.00104725E-0 +1.87549232E-01 +1.46040238E+02
+1.00119847E-0 +1.87566344E-01 +1.46064178E+02
+1.00110917E-0 +1.87513774E-01 +1.46108204E+02
+1.00091534E-0 +1.87497041E-01 +1.46152767E+02
+1.00099322E-0 +1.87500209E-01 +1.46179646E+02
+1.00104879E-0 +1.87470301E-01 +1.46231592E+02
+1.00101236E-0 +1.87455430E-01 +1.46267313E+02
+1.00112617E-0 +1.87457148E-01 +1.46300458E+02
+1.00095959E-0 +1.87429679E-01 +1.46349560E+02
+1.00113460E-0 +1.87448244E-01 +1.46380320E+02
+1.00122494E-0 +1.87433979E-01 +1.46416129E+02
+1.00108499E-0 +1.87415371E-01 +1.46462635E+02
+1.00127683E-0 +1.87419577E-01 +1.46519324E+02
+1.00097083E-0 +1.87378001E-01 +1.46542441E+02
+1.00097771E-0 +1.87358289E-01 +1.46578579E+02
+1.00083188E-0 +1.87337399E-01 +1.46613949E+02
+1.00115840E-0 +1.87381176E-01 +1.46661645E+02
+1.00110466E-0 +1.87359730E-01 +1.46691227E+02
+1.00096380E-0 +1.87348354E-01 +1.46744254E+02
+1.00118778E-0 +1.87368479E-01 +1.46761509E+02
+1.00116330E-0 +1.87353215E-01 +1.46814892E+02
+1.00109676E-0 +1.87347038E-01 +1.46853853E+02
+1.00106092E-0 +1.87320668E-01 +1.46893911E+02
+1.00114262E-0 +1.87327657E-01 +1.46925142E+02
+1.00115038E-0 +1.87314841E-01 +1.46980744E+02
+1.00108123E-0 +1.87284097E-01 +1.46998429E+02
+1.00110298E-0 +1.87271423E-01 +1.47040949E+02
+1.00105674E-0 +1.87279115E-01 +1.47080264E+02
+1.00103665E-0 +1.87254278E-01 +1.47105564E+02
+1.00125874E-0 +1.87295890E-01 +1.47160464E+02
+1.00140669E-0 +1.87308845E-01 +1.47196471E+02
+1.00122458E-0 +1.87267915E-01 +1.47222356E+02
+1.00122674E-0 +1.87261925E-01 +1.47259147E+02
+1.00123455E-0 +1.87257154E-01 +1.47286862E+02
+1.00128856E-0 +1.87260375E-01 +1.47328134E+02
+1.00117870E-0 +1.87265003E-01 +1.47379362E+02
+1.00124943E-0 +1.87252405E-01 +1.47408175E+02
+1.00112776E-0 +1.87226709E-01 +1.47448228E+02
+1.00121557E-0 +1.87239706E-01 +1.47488255E+02
+1.00125398E-0 +1.87244731E-01 +1.47526678E+02
+1.00112333E-0 +1.87206711E-01 +1.47546534E+02
+1.00123717E-0 +1.87215728E-01 +1.47594971E+02
+1.00124098E-0 +1.87224272E-01 +1.47619393E+02
+1.00124153E-0 +1.87208152E-01 +1.47653131E+02
+1.00113201E-0 +1.87213583E-01 +1.47695637E+02
+1.00126612E-0 +1.87220211E-01 +1.47729440E+02
+1.00119064E-0 +1.87227422E-01 +1.47756852E+02
+1.00115223E-0 +1.87186054E-01 +1.47790929E+02
+1.00116875E-0 +1.87198769E-01 +1.47824751E+02
+1.00099418E-0 +1.87189275E-01 +1.47869999E+02
+1.00092640E-0 +1.87159109E-01 +1.47900094E+02
+1.00109363E-0 +1.87171980E-01 +1.47939093E+02
+1.00102819E-0 +1.87158448E-01 +1.47983512E+02
+1.00107817E-0 +1.87183949E-01 +1.48010438E+02
+1.00132307E-0 +1.87220603E-01 +1.48044501E+02
+1.00116099E-0 +1.87213027E-01 +1.48090883E+02
+1.00111712E-0 +1.87187085E-01 +1.48107773E+02
+1.00115163E-0 +1.87201200E-01 +1.48160796E+02
+1.00107162E-0 +1.87177455E-01 +1.48198953E+02
+1.00115275E-0 +1.87213470E-01 +1.48227893E+02
+1.00104539E-0 +1.87181138E-01 +1.48257931E+02
+1.00098562E-0 +1.87188479E-01 +1.48296095E+02
+1.00091820E-0 +1.87178891E-01 +1.48343401E+02
+1.00109559E-0 +1.87160791E-01 +1.48367437E+02
+1.00092179E-0 +1.87154865E-01 +1.48407240E+02
+1.00108336E-0 +1.87197336E-01 +1.48438115E+02
+1.00078350E-0 +1.87122194E-01 +1.48468210E+02
+1.00079576E-0 +1.87136520E-01 +1.48514500E+02
+1.00087257E-0 +1.87171014E-01 +1.48555939E+02
+1.00088088E-0 +1.87139142E-01 +1.48576903E+02
+1.00085309E-0 +1.87154290E-01 +1.48625342E+02
+1.00085121E-0 +1.87135627E-01 +1.48656555E+02
+1.00078112E-0 +1.87155300E-01 +1.48696055E+02
+1.00079034E-0 +1.87146600E-01 +1.48727170E+02
+1.00074076E-0 +1.87147039E-01 +1.48781873E+02
+1.00067393E-0 +1.87162522E-01 +1.48810558E+02
+1.00088388E-0 +1.87196453E-01 +1.48860635E+02
+1.00110490E-0 +1.87187695E-01 +1.48890659E+02
+1.00086214E-0 +1.87167655E-01 +1.48919269E+02
+1.00100388E-0 +1.87201725E-01 +1.48957559E+02
+1.00072396E-0 +1.87146919E-01 +1.49002211E+02
+1.00076713E-0 +1.87180430E-01 +1.49040747E+02
+1.00074332E-0 +1.87182284E-01 +1.49077597E+02
+1.00072461E-0 +1.87191438E-01 +1.49108224E+02
+1.00076893E-0 +1.87209297E-01 +1.49137625E+02
+1.00075469E-0 +1.87203637E-01 +1.49172697E+02
+1.00066112E-0 +1.87178680E-01 +1.49209178E+02
+1.00074802E-0 +1.87190698E-01 +1.49236695E+02
+1.00066515E-0 +1.87216483E-01 +1.49288171E+02
+1.00061667E-0 +1.87181936E-01 +1.49317783E+02
+1.00065670E-0 +1.87198087E-01 +1.49356078E+02
+1.00061011E-0 +1.87202504E-01 +1.49386098E+02
+1.00056719E-0 +1.87199648E-01 +1.49424044E+02
+1.00066012E-0 +1.87217273E-01 +1.49455143E+02
+1.00055715E-0 +1.87215683E-01 +1.49493024E+02
+1.00077520E-0 +1.87244272E-01 +1.49518971E+02
+1.00058598E-0 +1.87249791E-01 +1.49578788E+02
+1.00074937E-0 +1.87261825E-01 +1.49596807E+02
+1.00067171E-0 +1.87262742E-01 +1.49625008E+02
+1.00065386E-0 +1.87284864E-01 +1.49662927E+02
+1.00068800E-0 +1.87300074E-01 +1.49699333E+02
+1.00041503E-0 +1.87248870E-01 +1.49728511E+02
+1.00037924E-0 +1.87255807E-01 +1.49768092E+02
+1.00048806E-0 +1.87264136E-01 +1.49797284E+02
+1.00035088E-0 +1.87266988E-01 +1.49833871E+02
+1.00036530E-0 +1.87288906E-01 +1.49877849E+02
+1.00046106E-0 +1.87284025E-01 +1.49913657E+02
+1.00063949E-0 +1.87335402E-01 +1.49942672E+02
+1.00056652E-0 +1.87337260E-01 +1.49967973E+02
+1.00050872E-0 +1.87350329E-01 +1.50015852E+02
+1.00057869E-0 +1.87323345E-01 +1.50049985E+02
+1.00064129E-0 +1.87374583E-01 +1.50090585E+02
+1.00046933E-0 +1.87378191E-01 +1.50108320E+02
+1.00053831E-0 +1.87373260E-01 +1.50158935E+02
+1.00056409E-0 +1.87396668E-01 +1.50191220E+02
+1.00064496E-0 +1.87414907E-01 +1.50220385E+02
+1.00070957E-0 +1.87434747E-01 +1.50263504E+02
+1.00067289E-0 +1.87438573E-01 +1.50287526E+02
+1.00069322E-0 +1.87473387E-01 +1.50336669E+02
+1.00068077E-0 +1.87462886E-01 +1.50355585E+02
+1.00068935E-0 +1.87473730E-01 +1.50396087E+02
+1.00080673E-0 +1.87500758E-01 +1.50432792E+02
+1.00078623E-0 +1.87518118E-01 +1.50462639E+02
+1.00089338E-0 +1.87540716E-01 +1.50511279E+02
+1.00082452E-0 +1.87543055E-01 +1.50535907E+02
+1.00078202E-0 +1.87546210E-01 +1.50567655E+02
+1.00092589E-0 +1.87599001E-01 +1.50609203E+02
+1.00083128E-0 +1.87607770E-01 +1.50635862E+02
+1.00103590E-0 +1.87633327E-01 +1.50671855E+02
+1.00096966E-0 +1.87625228E-01 +1.50720114E+02
+1.00088669E-0 +1.87623623E-01 +1.50751918E+02
+1.00072750E-0 +1.87633380E-01 +1.50779090E+02
+1.00098545E-0 +1.87663650E-01 +1.50823416E+02
+1.00095299E-0 +1.87687169E-01 +1.50842616E+02
+1.00086465E-0 +1.87669939E-01 +1.50871974E+02
+1.00084881E-0 +1.87682997E-01 +1.50922189E+02
+1.00084937E-0 +1.87721895E-01 +1.50955600E+02
+1.00087948E-0 +1.87714336E-01 +1.50976287E+02
+1.00084525E-0 +1.87764178E-01 +1.51024382E+02
+1.00091579E-0 +1.87757476E-01 +1.51041389E+02
+1.00093674E-0 +1.87766402E-01 +1.51073191E+02
+1.00086518E-0 +1.87789936E-01 +1.51112631E+02
+1.00092053E-0 +1.87828709E-01 +1.51145419E+02
+1.00101129E-0 +1.87835275E-01 +1.51188349E+02
+1.00091876E-0 +1.87837299E-01 +1.51225606E+02
+1.00105566E-0 +1.87868844E-01 +1.51245756E+02
+1.00086036E-0 +1.87838457E-01 +1.51288017E+02
+1.00088741E-0 +1.87852278E-01 +1.51308742E+02
+1.00090643E-0 +1.87893437E-01 +1.51361808E+02
+1.00081850E-0 +1.87877325E-01 +1.51402718E+02
+1.00096955E-0 +1.87960953E-01 +1.51432884E+02
+1.00093689E-0 +1.87951412E-01 +1.51462807E+02
+1.00102291E-0 +1.87965635E-01 +1.51492251E+02
+1.00118651E-0 +1.88009468E-01 +1.51528236E+02
+1.00113716E-0 +1.88018896E-01 +1.51569019E+02
+1.00131839E-0 +1.88052924E-01 +1.51605109E+02
+1.00123529E-0 +1.88081713E-01 +1.51625244E+02
+1.00132324E-0 +1.88110831E-01 +1.51676622E+02
+1.00131973E-0 +1.88135655E-01 +1.51708785E+02
+1.00111111E-0 +1.88094160E-01 +1.51755792E+02
+1.00110416E-0 +1.88111651E-01 +1.51780840E+02
+1.00104701E-0 +1.88088473E-01 +1.51805416E+02
+1.00109734E-0 +1.88135164E-01 +1.51848702E+02
+1.00089653E-0 +1.88115262E-01 +1.51891829E+02
+1.00114254E-0 +1.88230002E-01 +1.51905135E+02
+1.00128108E-0 +1.88232183E-01 +1.51947187E+02
+1.00112245E-0 +1.88199622E-01 +1.51986643E+02
+1.00117576E-0 +1.88270189E-01 +1.52016213E+02
+1.00133148E-0 +1.88284451E-01 +1.52040362E+02
+1.00144065E-0 +1.88316480E-01 +1.52084285E+02
+1.00145595E-0 +1.88361083E-01 +1.52111336E+02
+1.00153285E-0 +1.88369699E-01 +1.52150482E+02
+1.00161603E-0 +1.88407040E-01 +1.52176614E+02
+1.00152128E-0 +1.88421901E-01 +1.52234772E+02
+1.00154520E-0 +1.88431223E-01 +1.52264004E+02
+1.00147605E-0 +1.88459074E-01 +1.52289634E+02
+1.00157851E-0 +1.88481303E-01 +1.52322342E+02
+1.00144902E-0 +1.88455195E-01 +1.52353089E+02
+1.00121138E-0 +1.88477118E-01 +1.52386007E+02
+1.00134920E-0 +1.88507113E-01 +1.52427762E+02
+1.00156979E-0 +1.88556959E-01 +1.52443820E+02
+1.00138938E-0 +1.88556617E-01 +1.52477242E+02
+1.00145128E-0 +1.88585450E-01 +1.52522788E+02
+1.00139351E-0 +1.88614812E-01 +1.52547838E+02
+1.00160580E-0 +1.88633879E-01 +1.52567668E+02
+1.00155434E-0 +1.88647454E-01 +1.52612032E+02
+1.00155664E-0 +1.88662540E-01 +1.52648847E+02
+1.00157159E-0 +1.88708719E-01 +1.52678156E+02
+1.00143074E-0 +1.88711609E-01 +1.52714158E+02
+1.00156797E-0 +1.88740894E-01 +1.52753548E+02
+1.00146513E-0 +1.88747029E-01 +1.52795619E+02
+1.00150279E-0 +1.88758233E-01 +1.52824499E+02
+1.00150030E-0 +1.88797600E-01 +1.52870797E+02
+1.00146072E-0 +1.88803155E-01 +1.52886565E+02
+1.00147666E-0 +1.88810599E-01 +1.52935189E+02
+1.00155769E-0 +1.88877325E-01 +1.52970376E+02
+1.00147901E-0 +1.88875125E-01 +1.53000013E+02
+1.00135988E-0 +1.88856285E-01 +1.53027229E+02
+1.00159844E-0 +1.88935259E-01 +1.53066861E+02
+1.00163116E-0 +1.88956588E-01 +1.53094575E+02
+1.00151633E-0 +1.88983192E-01 +1.53142773E+02
+1.00171259E-0 +1.89007286E-01 +1.53173570E+02
+1.00164483E-0 +1.89016325E-01 +1.53207171E+02
+1.00160216E-0 +1.89048059E-01 +1.53229985E+02
+1.00171502E-0 +1.89083407E-01 +1.53284569E+02
+1.00154896E-0 +1.89093184E-01 +1.53319337E+02
+1.00161452E-0 +1.89156658E-01 +1.53339563E+02
+1.00161670E-0 +1.89126220E-01 +1.53368473E+02
+1.00171788E-0 +1.89168220E-01 +1.53403413E+02
+1.00158473E-0 +1.89212218E-01 +1.53433968E+02
+1.00176467E-0 +1.89224279E-01 +1.53478511E+02
+1.00174946E-0 +1.89255912E-01 +1.53508471E+02
+1.00189486E-0 +1.89290831E-01 +1.53542676E+02
+1.00176277E-0 +1.89289575E-01 +1.53574113E+02
+1.00170907E-0 +1.89322750E-01 +1.53607039E+02
+1.00184032E-0 +1.89335411E-01 +1.53654614E+02
+1.00153293E-0 +1.89329317E-01 +1.53668110E+02
+1.00170976E-0 +1.89371303E-01 +1.53714989E+02
+1.00174094E-0 +1.89394838E-01 +1.53741407E+02
+1.00164638E-0 +1.89412446E-01 +1.53772776E+02
+1.00156537E-0 +1.89430202E-01 +1.53807631E+02
+1.00165544E-0 +1.89455212E-01 +1.53842097E+02
+1.00171078E-0 +1.89494481E-01 +1.53877943E+02
+1.00163757E-0 +1.89516152E-01 +1.53900853E+02
+1.00159536E-0 +1.89550142E-01 +1.53929865E+02
+1.00162713E-0 +1.89553364E-01 +1.53955390E+02
+1.00169603E-0 +1.89574898E-01 +1.54004154E+02
+1.00158663E-0 +1.89610098E-01 +1.54025777E+02
+1.00172129E-0 +1.89629210E-01 +1.54072875E+02
+1.00179190E-0 +1.89680912E-01 +1.54101960E+02
+1.00167036E-0 +1.89685053E-01 +1.54144817E+02
+1.00179368E-0 +1.89728969E-01 +1.54167358E+02
+1.00175579E-0 +1.89745987E-01 +1.54210186E+02
+1.00177442E-0 +1.89756524E-01 +1.54249288E+02
+1.00184140E-0 +1.89807456E-01 +1.54287153E+02
+1.00188159E-0 +1.89838509E-01 +1.54320306E+02
+1.00195961E-0 +1.89858113E-01 +1.54359001E+02
+1.00181953E-0 +1.89885523E-01 +1.54381447E+02
+1.00186349E-0 +1.89915933E-01 +1.54433271E+02
+1.00183410E-0 +1.89941617E-01 +1.54471539E+02
+1.00173032E-0 +1.89932722E-01 +1.54491720E+02
+1.00174594E-0 +1.89964198E-01 +1.54524394E+02
+1.00161517E-0 +1.89978821E-01 +1.54561757E+02
+1.00174899E-0 +1.90034389E-01 +1.54598783E+02
+1.00183396E-0 +1.90045818E-01 +1.54624238E+02
+1.00187765E-0 +1.90112036E-01 +1.54649599E+02
+1.00196580E-0 +1.90130761E-01 +1.54686567E+02
+1.00193771E-0 +1.90163765E-01 +1.54715268E+02
+1.00190288E-0 +1.90180050E-01 +1.54747658E+02
+1.00192933E-0 +1.90228391E-01 +1.54779390E+02
+1.00203581E-0 +1.90257824E-01 +1.54813042E+02
+1.00212093E-0 +1.90303467E-01 +1.54844696E+02
+1.00204659E-0 +1.90296965E-01 +1.54885326E+02
+1.00212151E-0 +1.90359272E-01 +1.54907073E+02
+1.00206033E-0 +1.90362191E-01 +1.54940300E+02
+1.00213442E-0 +1.90416796E-01 +1.54972826E+02
+1.00204909E-0 +1.90437761E-01 +1.55008015E+02
+1.00204418E-0 +1.90447947E-01 +1.55048552E+02
+1.00206243E-0 +1.90469265E-01 +1.55083297E+02
+1.00197747E-0 +1.90492623E-01 +1.55105047E+02
+1.00195090E-0 +1.90504980E-01 +1.55152331E+02
+1.00193033E-0 +1.90541648E-01 +1.55179299E+02
+1.00180333E-0 +1.90540846E-01 +1.55205425E+02
+1.00188009E-0 +1.90592133E-01 +1.55239310E+02
+1.00193801E-0 +1.90602108E-01 +1.55275632E+02
+1.00186799E-0 +1.90637278E-01 +1.55306748E+02
+1.00200024E-0 +1.90689042E-01 +1.55344277E+02
+1.00201802E-0 +1.90714835E-01 +1.55369991E+02
+1.00187381E-0 +1.90721565E-01 +1.55402868E+02
+1.00200568E-0 +1.90790575E-01 +1.55434826E+02
+1.00198450E-0 +1.90826025E-01 +1.55476287E+02
+1.00199744E-0 +1.90833105E-01 +1.55491639E+02
+1.00194357E-0 +1.90838384E-01 +1.55529921E+02
+1.00197957E-0 +1.90862218E-01 +1.55554951E+02
+1.00198144E-0 +1.90898501E-01 +1.55583057E+02
+1.00178539E-0 +1.90897115E-01 +1.55617531E+02
+1.00152883E-0 +1.90912632E-01 +1.55645426E+02
+1.00159545E-0 +1.90944298E-01 +1.55676793E+02
+1.00164381E-0 +1.90940553E-01 +1.55703183E+02
+1.00149074E-0 +1.90974787E-01 +1.55743533E+02
+1.00154635E-0 +1.91008277E-01 +1.55770492E+02
+1.00158467E-0 +1.91033536E-01 +1.55801488E+02
+1.00163924E-0 +1.91096688E-01 +1.55822835E+02
+1.00170129E-0 +1.91093579E-01 +1.55870937E+02
+1.00155776E-0 +1.91125531E-01 +1.55906896E+02
+1.00146576E-0 +1.91144395E-01 +1.55916625E+02
+1.00168192E-0 +1.91189352E-01 +1.55949008E+02
+1.00162985E-0 +1.91209238E-01 +1.55992599E+02
+1.00158496E-0 +1.91257562E-01 +1.56022954E+02
+1.00160466E-0 +1.91275069E-01 +1.56040837E+02
+1.00158716E-0 +1.91278975E-01 +1.56071240E+02
+1.00129483E-0 +1.91289751E-01 +1.56118253E+02
+1.00138579E-0 +1.91323623E-01 +1.56144772E+02
+1.00142071E-0 +1.91357076E-01 +1.56171187E+02
+1.00140282E-0 +1.91381844E-01 +1.56209794E+02
+1.00139235E-0 +1.91410710E-01 +1.56232658E+02
+1.00131519E-0 +1.91424672E-01 +1.56263174E+02
+1.00123564E-0 +1.91447244E-01 +1.56291781E+02
+1.00113646E-0 +1.91483164E-01 +1.56312717E+02
+1.00120648E-0 +1.91501589E-01 +1.56360498E+02
+1.00112262E-0 +1.91528833E-01 +1.56379058E+02
+1.00103074E-0 +1.91551207E-01 +1.56418623E+02
+1.00109553E-0 +1.91570289E-01 +1.56447446E+02
+1.00111846E-0 +1.91602674E-01 +1.56470583E+02
+1.00126633E-0 +1.91640792E-01 +1.56507608E+02
+1.00098853E-0 +1.91660807E-01 +1.56553851E+02
+1.00098355E-0 +1.91676864E-01 +1.56564978E+02
+1.00109173E-0 +1.91712811E-01 +1.56597877E+02
+1.00117579E-0 +1.91764301E-01 +1.56640256E+02
+1.00095636E-0 +1.91770879E-01 +1.56667486E+02
+1.00091737E-0 +1.91786837E-01 +1.56689801E+02
+1.00113952E-0 +1.91871099E-01 +1.56726147E+02
+1.00122004E-0 +1.91904228E-01 +1.56754682E+02
+1.00112405E-0 +1.91931269E-01 +1.56792667E+02
+1.00109536E-0 +1.91960037E-01 +1.56821138E+02
+1.00113537E-0 +1.91988561E-01 +1.56860094E+02
+1.00122658E-0 +1.92025436E-01 +1.56886649E+02
+1.00110401E-0 +1.92042226E-01 +1.56907647E+02
+1.00108805E-0 +1.92073035E-01 +1.56954697E+02
+1.00125379E-0 +1.92145114E-01 +1.56986475E+02
+1.00117472E-0 +1.92171903E-01 +1.57020670E+02
+1.00114048E-0 +1.92199056E-01 +1.57050352E+02
+1.00131239E-0 +1.92264614E-01 +1.57085220E+02
+1.00140138E-0 +1.92303470E-01 +1.57113102E+02
+1.00122433E-0 +1.92292800E-01 +1.57148562E+02
+1.00142586E-0 +1.92343011E-01 +1.57173763E+02
+1.00131513E-0 +1.92388188E-01 +1.57198020E+02
+1.00142575E-0 +1.92437585E-01 +1.57223563E+02
+1.00133206E-0 +1.92453293E-01 +1.57265595E+02
+1.00115330E-0 +1.92468911E-01 +1.57307150E+02
+1.00136439E-0 +1.92519233E-01 +1.57338127E+02
+1.00131597E-0 +1.92546176E-01 +1.57356067E+02
+1.00127031E-0 +1.92581039E-01 +1.57385761E+02
+1.00134054E-0 +1.92590713E-01 +1.57426263E+02
+1.00120534E-0 +1.92623240E-01 +1.57456505E+02
+1.00146913E-0 +1.92700450E-01 +1.57483636E+02
+1.00146483E-0 +1.92749593E-01 +1.57510328E+02
+1.00147336E-0 +1.92772995E-01 +1.57532578E+02
+1.00145481E-0 +1.92799332E-01 +1.57574518E+02
+1.00138851E-0 +1.92830337E-01 +1.57601648E+02
+1.00152024E-0 +1.92914715E-01 +1.57629529E+02
+1.00158749E-0 +1.92933224E-01 +1.57658183E+02
+1.00143393E-0 +1.92942263E-01 +1.57685515E+02
+1.00155633E-0 +1.93000843E-01 +1.57722281E+02
+1.00170642E-0 +1.93064422E-01 +1.57754872E+02
+1.00155743E-0 +1.93095519E-01 +1.57787623E+02
+1.00173817E-0 +1.93125255E-01 +1.57820157E+02
+1.00177441E-0 +1.93178220E-01 +1.57845764E+02
+1.00164740E-0 +1.93209615E-01 +1.57880456E+02
+1.00170455E-0 +1.93244365E-01 +1.57917367E+02
+1.00182022E-0 +1.93280610E-01 +1.57944301E+02
+1.00174125E-0 +1.93326404E-01 +1.57978684E+02
+1.00189403E-0 +1.93377306E-01 +1.58005500E+02
+1.00185868E-0 +1.93392593E-01 +1.58036386E+02
+1.00187004E-0 +1.93431225E-01 +1.58079347E+02
+1.00177573E-0 +1.93472098E-01 +1.58104156E+02
+1.00177756E-0 +1.93492248E-01 +1.58133165E+02
+1.00181582E-0 +1.93517574E-01 +1.58158274E+02
+1.00176586E-0 +1.93557026E-01 +1.58212227E+02
+1.00176974E-0 +1.93595405E-01 +1.58223139E+02
+1.00204859E-0 +1.93675615E-01 +1.58270619E+02
+1.00186802E-0 +1.93673967E-01 +1.58283713E+02
+1.00182078E-0 +1.93693226E-01 +1.58326305E+02
+1.00164479E-0 +1.93693544E-01 +1.58358862E+02
+1.00143531E-0 +1.93724747E-01 +1.58383883E+02
+1.00150272E-0 +1.93773726E-01 +1.58422974E+02
+1.00169074E-0 +1.93844581E-01 +1.58448217E+02
+1.00161819E-0 +1.93862744E-01 +1.58483357E+02
+1.00152171E-0 +1.93880083E-01 +1.58520380E+02
+1.00171048E-0 +1.93931105E-01 +1.58538454E+02
+1.00148789E-0 +1.93949006E-01 +1.58578339E+02
+1.00150371E-0 +1.93981240E-01 +1.58606640E+02
+1.00149594E-0 +1.94023044E-01 +1.58648655E+02
+1.00140805E-0 +1.94020592E-01 +1.58672710E+02
+1.00130043E-0 +1.94024570E-01 +1.58698075E+02
+1.00149444E-0 +1.94123135E-01 +1.58726701E+02
+1.00154443E-0 +1.94164963E-01 +1.58756771E+02
+1.00142889E-0 +1.94182018E-01 +1.58799682E+02
+1.00148860E-0 +1.94224883E-01 +1.58839869E+02
+1.00154246E-0 +1.94283766E-01 +1.58854115E+02
+1.00145752E-0 +1.94285580E-01 +1.58894277E+02
+1.00139963E-0 +1.94321864E-01 +1.58920817E+02
+1.00140550E-0 +1.94354555E-01 +1.58951815E+02
+1.00142348E-0 +1.94369298E-01 +1.58988074E+02
+1.00141225E-0 +1.94423242E-01 +1.59000744E+02
+1.00149991E-0 +1.94471858E-01 +1.59036585E+02
+1.00144390E-0 +1.94525703E-01 +1.59082064E+02
+1.00148926E-0 +1.94573163E-01 +1.59092650E+02
+1.00152970E-0 +1.94594976E-01 +1.59132731E+02
+1.00150715E-0 +1.94614360E-01 +1.59175678E+02
+1.00134079E-0 +1.94639261E-01 +1.59208190E+02
+1.00133145E-0 +1.94681068E-01 +1.59238070E+02
+1.00136393E-0 +1.94711085E-01 +1.59259267E+02
+1.00132291E-0 +1.94753874E-01 +1.59300093E+02
+1.00133723E-0 +1.94794522E-01 +1.59331751E+02
+1.00118139E-0 +1.94819920E-01 +1.59364110E+02
+1.00128217E-0 +1.94849893E-01 +1.59398039E+02
+1.00130786E-0 +1.94901357E-01 +1.59422449E+02
+1.00138410E-0 +1.94940015E-01 +1.59466933E+02
+1.00136749E-0 +1.94980853E-01 +1.59493420E+02
+1.00140188E-0 +1.95042673E-01 +1.59513663E+02
+1.00142888E-0 +1.95079686E-01 +1.59556348E+02
+1.00145860E-0 +1.95120270E-01 +1.59583424E+02
+1.00164600E-0 +1.95185573E-01 +1.59622807E+02
+1.00151688E-0 +1.95197686E-01 +1.59656324E+02
+1.00148791E-0 +1.95217433E-01 +1.59679965E+02
+1.00152360E-0 +1.95292222E-01 +1.59720014E+02
+1.00153492E-0 +1.95331994E-01 +1.59738538E+02
+1.00159270E-0 +1.95374547E-01 +1.59776617E+02
+1.00154857E-0 +1.95391172E-01 +1.59804061E+02
+1.00152968E-0 +1.95444415E-01 +1.59822449E+02
+1.00145778E-0 +1.95463591E-01 +1.59870675E+02
+1.00159486E-0 +1.95492039E-01 +1.59893500E+02
+1.00142478E-0 +1.95544236E-01 +1.59926809E+02
+1.00149279E-0 +1.95595514E-01 +1.59973384E+02
+1.00128520E-0 +1.95556295E-01 +1.59990954E+02
+1.00117690E-0 +1.95585884E-01 +1.60030213E+02
+1.00115103E-0 +1.95648581E-01 +1.60054752E+02
+1.00127242E-0 +1.95689819E-01 +1.60086323E+02
+1.00134625E-0 +1.95747974E-01 +1.60125229E+02
+1.00142587E-0 +1.95819047E-01 +1.60153335E+02
+1.00148888E-0 +1.95869847E-01 +1.60188903E+02
+1.00141701E-0 +1.95888127E-01 +1.60212372E+02
+1.00155830E-0 +1.95957490E-01 +1.60243885E+02
+1.00163604E-0 +1.95981460E-01 +1.60275619E+02
+1.00150918E-0 +1.96010332E-01 +1.60294868E+02
+1.00160881E-0 +1.96088016E-01 +1.60336679E+02
+1.00162811E-0 +1.96099990E-01 +1.60365770E+02
+1.00146017E-0 +1.96133239E-01 +1.60397402E+02
+1.00152247E-0 +1.96190027E-01 +1.60445427E+02
+1.00158142E-0 +1.96229378E-01 +1.60456991E+02
+1.00149598E-0 +1.96246153E-01 +1.60496381E+02
+1.00156507E-0 +1.96294252E-01 +1.60518743E+02
+1.00154579E-0 +1.96340212E-01 +1.60553960E+02
+1.00149428E-0 +1.96394202E-01 +1.60591329E+02
+1.00145589E-0 +1.96405320E-01 +1.60613654E+02
+1.00143376E-0 +1.96424639E-01 +1.60653296E+02
+1.00161742E-0 +1.96492585E-01 +1.60692715E+02
+1.00153182E-0 +1.96535312E-01 +1.60715554E+02
+1.00131522E-0 +1.96535137E-01 +1.60763613E+02
+1.00140700E-0 +1.96614374E-01 +1.60778728E+02
+1.00132684E-0 +1.96622719E-01 +1.60807341E+02
+1.00144104E-0 +1.96669818E-01 +1.60840538E+02
+1.00144436E-0 +1.96725967E-01 +1.60864531E+02
+1.00133333E-0 +1.96747688E-01 +1.60906137E+02
+1.00132629E-0 +1.96805045E-01 +1.60938721E+02
+1.00136489E-0 +1.96820501E-01 +1.60963781E+02
+1.00148641E-0 +1.96895185E-01 +1.60992300E+02
+1.00151828E-0 +1.96923771E-01 +1.61016721E+02
+1.00135845E-0 +1.96962998E-01 +1.61054840E+02
+1.00149815E-0 +1.96988167E-01 +1.61090909E+02
+1.00126403E-0 +1.97001065E-01 +1.61125344E+02
+1.00126456E-0 +1.97019927E-01 +1.61156433E+02
+1.00109654E-0 +1.97081179E-01 +1.61184918E+02
+1.00118332E-0 +1.97113456E-01 +1.61226294E+02
+1.00113985E-0 +1.97164227E-01 +1.61251747E+02
+1.00095599E-0 +1.97166734E-01 +1.61276968E+02
+1.00091645E-0 +1.97185520E-01 +1.61314269E+02
+1.00097344E-0 +1.97245747E-01 +1.61349308E+02
+1.00104822E-0 +1.97294543E-01 +1.61377096E+02
+1.00102448E-0 +1.97334337E-01 +1.61397883E+02
+1.00085494E-0 +1.97320905E-01 +1.61436112E+02
+1.00088249E-0 +1.97383530E-01 +1.61480077E+02
+1.00084099E-0 +1.97428090E-01 +1.61498310E+02
+1.00062187E-0 +1.97437524E-01 +1.61542158E+02
+1.00097542E-0 +1.97503586E-01 +1.61559929E+02
+1.00081967E-0 +1.97553877E-01 +1.61612315E+02
+1.00088425E-0 +1.97604517E-01 +1.61626993E+02
+1.00087125E-0 +1.97641581E-01 +1.61666842E+02
+1.00088037E-0 +1.97683349E-01 +1.61690591E+02
+1.00092932E-0 +1.97752765E-01 +1.61730440E+02
+1.00101564E-0 +1.97770185E-01 +1.61764241E+02
+1.00098201E-0 +1.97830451E-01 +1.61780370E+02
+1.00096119E-0 +1.97854146E-01 +1.61826140E+02
+1.00085524E-0 +1.97884226E-01 +1.61856620E+02
+1.00101838E-0 +1.97971037E-01 +1.61885802E+02
+1.00094550E-0 +1.97985876E-01 +1.61913002E+02
+1.00107175E-0 +1.98043768E-01 +1.61951543E+02
+1.00096544E-0 +1.98077762E-01 +1.61979318E+02
+1.00087777E-0 +1.98115464E-01 +1.62006168E+02
+1.00096444E-0 +1.98140672E-01 +1.62054901E+02
+1.00097992E-0 +1.98205138E-01 +1.62085776E+02
+1.00090019E-0 +1.98247581E-01 +1.62112163E+02
+1.00100842E-0 +1.98283751E-01 +1.62144597E+02
+1.00091755E-0 +1.98323897E-01 +1.62168252E+02
+1.00097920E-0 +1.98386922E-01 +1.62216318E+02
+1.00118466E-0 +1.98465861E-01 +1.62240083E+02
+1.00105891E-0 +1.98482168E-01 +1.62289620E+02
+1.00095285E-0 +1.98494074E-01 +1.62314443E+02
+1.00100731E-0 +1.98510123E-01 +1.62342843E+02
+1.00084704E-0 +1.98580175E-01 +1.62382189E+02
+1.00098512E-0 +1.98648453E-01 +1.62422265E+02
+1.00104269E-0 +1.98683005E-01 +1.62452148E+02
+1.00105907E-0 +1.98745122E-01 +1.62477083E+02
+1.00115849E-0 +1.98802877E-01 +1.62516306E+02
+1.00123582E-0 +1.98856419E-01 +1.62556996E+02
+1.00115706E-0 +1.98860253E-01 +1.62587097E+02
+1.00113587E-0 +1.98939816E-01 +1.62624259E+02
+1.00098685E-0 +1.98951168E-01 +1.62652029E+02
+1.00114663E-0 +1.99039637E-01 +1.62685345E+02
+1.00134715E-0 +1.99078795E-01 +1.62725274E+02
+1.00123234E-0 +1.99111215E-01 +1.62758124E+02
+1.00124451E-0 +1.99178255E-01 +1.62788406E+02
+1.00136691E-0 +1.99250915E-01 +1.62811389E+02
+1.00140100E-0 +1.99292463E-01 +1.62840236E+02
+1.00121621E-0 +1.99284328E-01 +1.62905311E+02
+1.00119980E-0 +1.99325988E-01 +1.62922353E+02
+1.00121450E-0 +1.99375015E-01 +1.62950863E+02
+1.00128763E-0 +1.99436002E-01 +1.62996950E+02
+1.00121794E-0 +1.99430298E-01 +1.63028025E+02
+1.00124187E-0 +1.99512593E-01 +1.63054201E+02
+1.00120928E-0 +1.99554000E-01 +1.63085607E+02
+1.00107388E-0 +1.99547851E-01 +1.63114071E+02
+1.00104870E-0 +1.99601975E-01 +1.63148150E+02
+1.00116146E-0 +1.99667871E-01 +1.63188117E+02
+1.00116735E-0 +1.99718072E-01 +1.63214160E+02
+1.00121381E-0 +1.99774759E-01 +1.63240132E+02
+1.00121488E-0 +1.99796608E-01 +1.63266137E+02
+1.00118948E-0 +1.99862941E-01 +1.63316683E+02
+1.00133094E-0 +1.99916456E-01 +1.63338300E+02
+1.00107416E-0 +1.99922959E-01 +1.63371159E+02
+1.00106091E-0 +1.99966132E-01 +1.63409096E+02
+1.00114485E-0 +2.00039936E-01 +1.63435423E+02
+1.00130967E-0 +2.00102578E-01 +1.63467766E+02
+1.00123103E-0 +2.00127996E-01 +1.63496691E+02
+1.00133238E-0 +2.00173060E-01 +1.63514855E+02
+1.00116164E-0 +2.00195216E-01 +1.63556839E+02
+1.00128639E-0 +2.00266352E-01 +1.63573872E+02
+1.00131540E-0 +2.00311568E-01 +1.63620297E+02
+1.00119532E-0 +2.00344552E-01 +1.63651093E+02
+1.00125839E-0 +2.00396086E-01 +1.63682995E+02
+1.00134006E-0 +2.00448737E-01 +1.63706131E+02
+1.00125476E-0 +2.00493198E-01 +1.63744146E+02
+1.00135501E-0 +2.00537808E-01 +1.63761599E+02
+1.00115748E-0 +2.00566388E-01 +1.63800409E+02
+1.00116807E-0 +2.00611017E-01 +1.63820626E+02
+1.00119520E-0 +2.00635447E-01 +1.63852910E+02
+1.00125327E-0 +2.00713485E-01 +1.63892276E+02
+1.00109248E-0 +2.00735907E-01 +1.63912741E+02
+1.00129116E-0 +2.00782970E-01 +1.63952033E+02
+1.00110336E-0 +2.00817003E-01 +1.63982032E+02
+1.00103288E-0 +2.00834489E-01 +1.64010170E+02
+1.00121704E-0 +2.00915719E-01 +1.64038614E+02
+1.00117660E-0 +2.00975815E-01 +1.64071982E+02
+1.00119098E-0 +2.00995721E-01 +1.64103584E+02
+1.00116309E-0 +2.01051259E-01 +1.64136818E+02
+1.00115454E-0 +2.01086239E-01 +1.64171683E+02
+1.00121999E-0 +2.01130135E-01 +1.64198281E+02
+1.00119676E-0 +2.01172001E-01 +1.64227303E+02
+1.00114273E-0 +2.01212249E-01 +1.64263360E+02
+1.00097600E-0 +2.01212057E-01 +1.64292642E+02
+1.00098051E-0 +2.01301217E-01 +1.64319205E+02
+1.00087935E-0 +2.01307605E-01 +1.64365424E+02
+1.00072297E-0 +2.01317887E-01 +1.64387910E+02
+1.00099534E-0 +2.01420062E-01 +1.64422375E+02
+1.00085046E-0 +2.01409580E-01 +1.64454300E+02
+1.00076384E-0 +2.01465820E-01 +1.64477910E+02
+1.00082410E-0 +2.01528235E-01 +1.64509305E+02
+1.00092974E-0 +2.01577498E-01 +1.64542970E+02
+1.00065342E-0 +2.01574836E-01 +1.64577377E+02
+1.00072670E-0 +2.01654357E-01 +1.64616713E+02
+1.00080634E-0 +2.01682882E-01 +1.64645586E+02
+1.00069821E-0 +2.01714767E-01 +1.64672840E+02
+1.00071361E-0 +2.01755472E-01 +1.64704955E+02
+1.00064011E-0 +2.01772814E-01 +1.64740078E+02
+1.00069381E-0 +2.01853433E-01 +1.64773582E+02
+1.00062062E-0 +2.01865937E-01 +1.64812279E+02
+1.00053070E-0 +2.01894727E-01 +1.64836248E+02
+1.00046563E-0 +2.01955213E-01 +1.64862314E+02
+1.00050256E-0 +2.02001186E-01 +1.64901383E+02
+1.00053124E-0 +2.02068382E-01 +1.64924469E+02
+1.00060175E-0 +2.02108833E-01 +1.64958198E+02
+1.00055041E-0 +2.02145530E-01 +1.64987016E+02
+1.00054766E-0 +2.02206722E-01 +1.65026289E+02
+1.00070293E-0 +2.02275504E-01 +1.65048093E+02
+1.00063972E-0 +2.02312663E-01 +1.65070295E+02
+1.00075525E-0 +2.02359255E-01 +1.65110521E+02
+1.00053447E-0 +2.02394063E-01 +1.65145843E+02
+1.00062930E-0 +2.02440776E-01 +1.65162014E+02
+1.00058913E-0 +2.02481841E-01 +1.65204189E+02
+1.00059497E-0 +2.02518615E-01 +1.65227701E+02
+1.00049754E-0 +2.02570248E-01 +1.65261642E+02
+1.00057328E-0 +2.02629272E-01 +1.65291881E+02
+1.00065802E-0 +2.02679336E-01 +1.65321916E+02
+1.00059855E-0 +2.02695698E-01 +1.65362347E+02
+1.00061694E-0 +2.02764693E-01 +1.65380922E+02
+1.00063490E-0 +2.02790440E-01 +1.65416771E+02
+1.00062530E-0 +2.02861586E-01 +1.65439704E+02
+1.00053418E-0 +2.02892191E-01 +1.65480511E+02
+1.00064004E-0 +2.02947736E-01 +1.65514197E+02
+1.00052174E-0 +2.02976371E-01 +1.65537784E+02
+1.00061731E-0 +2.03031392E-01 +1.65572209E+02
+1.00068162E-0 +2.03097041E-01 +1.65607150E+02
+1.00052962E-0 +2.03103637E-01 +1.65641367E+02
+1.00038114E-0 +2.03156258E-01 +1.65658566E+02
+1.00046605E-0 +2.03190406E-01 +1.65683045E+02
+1.00051222E-0 +2.03251503E-01 +1.65719453E+02
+1.00061017E-0 +2.03309390E-01 +1.65748727E+02
+1.00050505E-0 +2.03351635E-01 +1.65776569E+02
+1.00044307E-0 +2.03396096E-01 +1.65821527E+02
+1.00038544E-0 +2.03417918E-01 +1.65839279E+02
+1.00048432E-0 +2.03493800E-01 +1.65870864E+02
+1.00063005E-0 +2.03542580E-01 +1.65909695E+02
+1.00050908E-0 +2.03590104E-01 +1.65937712E+02
+1.00056059E-0 +2.03655008E-01 +1.65962861E+02
+1.00061646E-0 +2.03674752E-01 +1.65994811E+02
+1.00044407E-0 +2.03716278E-01 +1.66032851E+02
+1.00045845E-0 +2.03760313E-01 +1.66065298E+02
+1.00066136E-0 +2.03839278E-01 +1.66103736E+02
+1.00062537E-0 +2.03874083E-01 +1.66117656E+02
+1.00049449E-0 +2.03902932E-01 +1.66147385E+02
+1.00056241E-0 +2.03946001E-01 +1.66181864E+02
+1.00044365E-0 +2.03990099E-01 +1.66208654E+02
+1.00067886E-0 +2.04100257E-01 +1.66228534E+02
+1.00064920E-0 +2.04130819E-01 +1.66264201E+02
+1.00075372E-0 +2.04208049E-01 +1.66297569E+02
+1.00074946E-0 +2.04232009E-01 +1.66336701E+02
+1.00074877E-0 +2.04265809E-01 +1.66350343E+02
+1.00090143E-0 +2.04377403E-01 +1.66386698E+02
+1.00088443E-0 +2.04397430E-01 +1.66428754E+02
+1.00066539E-0 +2.04413532E-01 +1.66456990E+02
+1.00081406E-0 +2.04484214E-01 +1.66490140E+02
+1.00086031E-0 +2.04541947E-01 +1.66512648E+02
+1.00061132E-0 +2.04571207E-01 +1.66550810E+02
+1.000721