+1.00065905E-0 +1.13576388E-03 +1.24280172E+02
+1.00066914E-0 
 +1.24345289E+02
+1.00067697E-0 +1.13846211E-03 +1.24407228E+02
+1.00066544E-0 
 +1.24444782E+02
+1.00063756E-0 +1.13178407E-03 +1.24405161E+02
+1.00065429E-0 
 +1.24262503E+02
+1.00064517E-0 +5.80915833E-04 +1.23761391E+02
+1.00066943E-0 
 +1.22924171E+02
+1.00060299E-0 +4.76534686E-05 +1.21229469E+02
+1.00062366E-0 
 +1.19274351E+02
+1.00067159E-0 -2.73044719E-05 +1.16703177E+02
+1.00061364E-0 
 +1.14600805E+02
+1.00064149E-0 -2.60699466E-05 +1.12172309E+02
+1.00065443E-0 
 +1.10267212E+02
+1.00065797E-0 +1.93768250E-06 +1.02737475E+02
+1.00062517E-0 
 +1.01423361E+02
+1.00062713E-0 +3.79242028E-06 +9.99718290E+01
+1.00061880E-0 
 +9.88893817E+01
+1.00060178E-0 +3.49304172E-06 +9.52153080E+01
+1.00069440E-0 
 +9.44918140E+01
+1.00062242E-0 +4.09710012E-06 +9.37065543E+01
+1.00059378E-0 
 +9.31349399E+01
+1.00058841E-0 +4.51929662E-06 +9.24078602E+01
+1.00060914E-0 
 +9.18701172E+01
+1.00063860E-0 +3.63191843E-06 +9.12701195E+01
+1.00065143E-0 
 +9.08048748E+01
+1.00059505E-0 +2.32793315E-06 +9.02797864E+01
+1.00066590E-0 
 +8.98935823E+01
+1.00056594E-0 +3.40221323E-06 +8.94196320E+01
+1.00064885E-0 
 +8.90406719E+01
+1.00066003E-0 +1.79872502E-06 +8.86535543E+01
+1.00067474E-0 
 +8.83351164E+01
+1.00065854E-0 +2.03393920E-06 +8.79241158E+01
+1.00065924E-0 
 +8.76379996E+01
+1.00065306E-0 +2.32257798E-06 +8.73374784E+01
+1.00066407E-0 
 +8.70983229E+01
+1.00063713E-0 +1.97517578E-06 +8.68155683E+01
+1.00068597E-0 
 +8.66419230E+01
+1.00069170E-0 +1.40322294E-06 +8.63971214E+01
+1.00063972E-0 
 +8.62387245E+01
+1.00065789E-0 +1.79878796E-06 +8.60674178E+01
+1.00066813E-0 
 +8.59167314E+01
+1.00062420E-0 +2.29586924E-06 +8.57682364E+01
+1.00061927E-0 
 +8.56162843E+01
+1.00062761E-0 +9.59600776E-07 +8.54842191E+01
+1.00073059E-0 
 +8.53887215E+01
+1.00064993E-0 +1.30164334E-06 +8.52818983E+01
+1.00066071E-0 
 +8.51715004E+01
+1.00071969E-0 +8.79449888E-07 +8.50679365E+01
+1.00063077E-0 
 +8.50079967E+01
+1.00059323E-0 +2.03381197E-06 +8.49254780E+01
+1.00063540E-0 
 +8.48509250E+01
+1.00064882E-0 +8.15230157E-07 +8.47778467E+01
+1.00064443E-0 
 +8.47277276E+01
+1.00068222E-0 +1.48343124E-06 +8.46927482E+01
+1.00063664E-0 
 +8.46497643E+01
+1.00064907E-0 +8.47439465E-07 +8.46052940E+01
+1.00064303E-0 
 +8.45889829E+01
+1.00062436E-0 +1.05579726E-06 +8.45777595E+01
+1.00062337E-0 
 +8.45593361E+01
+1.00065781E-0 +8.36603715E-07 +8.45473707E+01
+1.00063325E-0 
 +8.45493650E+01
+1.00058805E-0 +1.30159835E-06 +8.45569455E+01
+1.00054508E-0 
 +8.45499093E+01
+1.00060714E-0 +5.64054567E-07 +8.45820804E+01
+1.00065295E-0 
 +8.46071189E+01
+1.00068105E-0 +5.74869370E-07 +8.46186724E+01
+1.00065578E-0 
 +8.46315032E+01
+1.00063301E-0 +1.11987984E-06 +8.46701461E+01
+1.00069794E-0 
 +8.47166853E+01
+1.00065286E-0 +1.14657582E-06 +8.47675743E+01
+1.00068167E-0 
 +8.47991434E+01
+1.00069459E-0 +1.21089388E-06 +8.48560117E+01
+1.00071248E-0 
 +8.49150382E+01
+1.00065550E-0 +1.18942012E-06 +8.49843496E+01
+1.00063873E-0 
 +8.50643254E+01
+1.00065050E-0 +8.04598744E-07 +8.51480972E+01
+1.00064542E-0 
 +8.52208819E+01
+1.00063389E-0 +1.22687785E-06 +8.53187876E+01
+1.00063076E-0 
 +8.54190697E+01
+1.00064509E-0 +1.53689356E-06 +8.55134304E+01
+1.00063508E-0 
 +8.56113560E+01
+1.00062232E-0 +9.64860977E-07 +8.57140410E+01
+1.00067225E-0 
 +8.57946917E+01
+1.00066790E-0 +1.77730545E-06 +8.58965892E+01
+1.00061984E-0 
 +8.59744396E+01
+1.00064228E-0 +2.00725805E-06 +8.60790901E+01
+1.00066576E-0 
 +8.61578959E+01
+1.00066510E-0 +1.68116950E-06 +8.62579077E+01
+1.00063507E-0 
 +8.63519000E+01
+1.00067411E-0 +1.41937735E-06 +8.64348204E+01
+1.00062918E-0 
 +8.65031226E+01
+1.00065903E-0 +1.55288381E-06 +8.66176686E+01
+1.00063588E-0 
 +8.66818979E+01
+1.00067407E-0 +2.04998356E-06 +8.67696663E+01
+1.00071000E-0 
 +8.68503387E+01
+1.00064811E-0 +1.56890526E-06 +8.69544153E+01
+1.00066115E-0 
 +8.70291056E+01
+1.00062973E-0 +1.52624478E-06 +8.71127233E+01
+1.00067540E-0 
 +8.72049287E+01
