+1.00061009E-0 
 +8.38567232E+01
+1.00063758E-0 +3.12859126E-07 +8.39342421E+01
+1.00056923E-0 
 +8.39980099E+01
+1.00059550E-0 +1.23751392E-06 +8.40802526E+01
+1.00066210E-0 
 +8.41410718E+01
+1.00063234E-0 +1.25837767E-07 +8.42284321E+01
+1.00061506E-0 
 +8.42902774E+01
+1.00059992E-0 +5.64114952E-07 +8.43610917E+01
+1.00060393E-0 
 +8.44421575E+01
+1.00063434E-0 +7.88622255E-07 +8.45274990E+01
+1.00061210E-0 
 +8.45830368E+01
+1.00060333E-0 +9.75641778E-07 +8.46881295E+01
+1.00066786E-0 
 +8.47646686E+01
+1.00057571E-0 +1.15747232E-06 +8.48790200E+01
+1.00061002E-0 
 +8.49582628E+01
+1.00061974E-0 +5.26658074E-07 +8.50742807E+01
+1.00056811E-0 
 +8.51859414E+01
+1.00058750E-0 +1.20547040E-06 +8.52847734E+01
+1.00059647E-0 
 +8.53721812E+01
+1.00058591E-0 +8.41956346E-07 +8.55123954E+01
+1.00067625E-0 
 +8.55899943E+01
+1.00067278E-0 +9.11393006E-07 +8.57091612E+01
+1.00067365E-0 
 +8.58065023E+01
+1.00071215E-0 +6.70988629E-07 +8.59310985E+01
+1.00073217E-0 
 +8.60077824E+01
+1.00071395E-0 +1.39263259E-06 +8.61157694E+01
+1.00064459E-0 
 +8.62130416E+01
+1.00066933E-0 +1.77741788E-06 +8.63227621E+01
+1.00059226E-0 
 +8.64182605E+01
+1.00065334E-0 +1.15733308E-06 +8.65232025E+01
+1.00066457E-0 
 +8.66163333E+01
+1.00061085E-0 +6.76272360E-07 +8.67317798E+01
+1.00057772E-0 
 +8.68198928E+01
+1.00058023E-0 -2.80406947E-07 +8.69630448E+01
+1.00061843E-0 
 +8.70423671E+01
+1.00058133E-0 +1.43535298E-06 +8.71666492E+01
+1.00063292E-0 
 +8.72845348E+01
+1.00066219E-0 -1.04025703E-07 +8.73926006E+01
+1.00060907E-0 
 +8.75138442E+01
+1.00060922E-0 +1.23221349E-06 +8.76543248E+01
+1.00058828E-0 
 +8.77596806E+01
+1.00062690E-0 +2.54043934E-07 +8.78934308E+01
+1.00058751E-0 
 +8.80014083E+01
+1.00059416E-0 +6.38957423E-07 +8.81439398E+01
+1.00058082E-0 
 +8.82437268E+01
+1.00056026E-0 +1.17336096E-06 +8.83874337E+01
+1.00057160E-0 
 +8.85127320E+01
+1.00056761E-0 +4.89114922E-07 +8.86595953E+01
+1.00060433E-0 
 +8.87736624E+01
+1.00059130E-0 +8.20696223E-07 +8.89234924E+01
+1.00062974E-0 
 +8.90388887E+01
+1.00062955E-0 +5.53430369E-07 +8.91750985E+01
+1.00068564E-0 
 +8.92947514E+01
+1.00064631E-0 +1.34982309E-06 +8.94430394E+01
+1.00060065E-0 
 +8.95631234E+01
+1.00056697E-0 +1.20346530E-07 +8.96956941E+01
+1.00061632E-0 
 +8.97997298E+01
+1.00061205E-0 +8.95480702E-07 +8.99325440E+01
+1.00067094E-0 
 +9.00464410E+01
+1.00061442E-0 +2.86079135E-07 +9.01765795E+01
+1.00066390E-0 
 +9.02696454E+01
+1.00065376E-0 -2.58991072E-07 +9.04281037E+01
+1.00059253E-0 
 +9.05201018E+01
+1.00061324E-0 -3.99728121E-08 +9.06377823E+01
+1.00065035E-0 
 +9.07837859E+01
+1.00066699E-0 -5.10305595E-07 +9.09090882E+01
+1.00064221E-0 
 +9.10004465E+01
+1.00068376E-0 -6.13123985E-08 +9.11592092E+01
+1.00067837E-0 
 +9.12533850E+01
+1.00060645E-0 +1.21626030E-06 +9.14077990E+01
+1.00073607E-0 
 +9.14922171E+01
+1.00072406E-0 +3.44954089E-07 +9.16273014E+01
+1.00065768E-0 
 +9.17321582E+01
+1.00067477E-0 +4.89226779E-07 +9.18556125E+01
+1.00066952E-0 
 +9.19540197E+01
+1.00062285E-0 -4.56811017E-07 +9.20824742E+01
+1.00066789E-0 
 +9.21675499E+01
+1.00062376E-0 -7.72635879E-08 +9.22829026E+01
+1.00067094E-0 
 +9.23724362E+01
+1.00063301E-0 -3.71344235E-07 +9.24823733E+01
+1.00065192E-0 
 +9.25829505E+01
+1.00060995E-0 +1.41825520E-07 +9.26967396E+01
+1.00064838E-0 
 +9.27931056E+01
+1.00064508E-0 +5.05318819E-07 +9.28797087E+01
+1.00069107E-0 
 +9.29750555E+01
+1.00065525E-0 -2.27065087E-07 +9.30851849E+01
+1.00065841E-0 
 +9.31772551E+01
+1.00061361E-0 -8.84403393E-07 +9.32803623E+01
+1.00060584E-0 
 +9.33630360E+01
+1.00061590E-0 -1.62858782E-07 +9.34613117E+01
+1.00066906E-0 
 +9.35299757E+01
+1.00059358E-0 -6.66294975E-08 +9.36240388E+01
+1.00061118E-0 
 +9.37067211E+01
+1.00062489E-0 +3.55640721E-07 +9.38159015E+01
+1.00066451E-0 
 +9.38901199E+01
+1.00067932E-0 -7.45447976E-07 +9.39705261E+01
+1.00066174E-0 
 +9.40571415E+01
+1.00070644E-0 -1.94928570E-07 +9.41483392E+01
+1.00064773E-0 
 +9.42446704E+01
+1.00066425E-0 -3.39267624E-07 +9.43149604E+01
+1.00070687E-0 
 +9.43994492E+01
+1.00074672E-0 -7.90312637E-09 +9.44939749E+01
+1.00072215E-0 
 +9.45713806E+01
+1.00068717E-0 -1.52078194E-07 +9.46620771E+01
+1.00065238E-0 
 +9.47481523E+01
+1.00063384E-0 -1.38682731E-06 +9.48143126E+01
+1.00066380E-0 
 +9.48986607E+01
+1.00065071E-0 +3.50225387E-07 +9.49816891E+01
+1.00064411E-0 
 +9.50573237E+01
+1.00065200E-0 -6.44045717E-07 +9.51416225E+01
+1.00068388E-0 
 +9.52188892E+01
+1.00070014E-0 +1.68513038E-07 +9.52911613E+01
+1.00066155E-0 
 +9.53559253E+01
+1.00064882E-0 -4.62139291E-07 +9.54569348E+01
+1.00068713E-0 
 +9.55188528E+01
+1.00065965E-0 -4.46148203E-07 +9.56045050E+01
+1.00068199E-0 
 +9.56757717E+01
+1.00072834E-0 -1.23182866E-06 +9.57447361E+01
+1.00071632E-0 
 +9.58390956E+01
+1.00072621E-0 +6.06773729E-07 +9.59005516E+01
+1.00064377E-0 -7.50812673E-07 +9.59964222E+01
+1.00064168E-0 
 +9.60739331E+01
+1.00066409E-0 -1.62805281E-07 +9.61523297E+01
+1.00063678E-0 
 +9.62202052E+01
+1.00064244E-0 -7.82895675E-07 +9.62823243E+01
+1.00070547E-0 
 +9.63762880E+01
+1.00067957E-0 -4.56816872E-07 +9.64502181E+01
+1.00070955E-0 
 +9.65283839E+01
+1.00067079E-0 -3.12504808E-07 +9.66153482E+01
+1.00064404E-0 
 +9.66556871E+01
+1.00070867E-0 -6.59902916E-07 +9.67394699E+01
+1.00072130E-0 
 +9.68205440E+01
+1.00064499E-0 -1.18376790E-06 +9.68902781E+01
+1.00064094E-0 
 +9.69734444E+01
+1.00069303E-0 -3.23240989E-07 +9.70457190E+01
+1.00067734E-0 
 +9.71115789E+01
+1.00067741E-0 -1.05016200E-06 +9.72504278E+01
+1.00065443E-0 
 +9.73071831E+01
+1.00073120E-0 -4.67518854E-07 +9.73847098E+01
+1.00066152E-0 
 +9.74658972E+01
+1.00063415E-0 -3.33908252E-07 +9.75435233E+01
+1.00072322E-0 
 +9.76127320E+01
+1.00064728E-0 -1.71284738E-06 +9.77058917E+01
+1.00069643E-0 
 +9.77549951E+01
+1.00066477E-0 -3.28596414E-07 +9.78585572E+01
+1.00066943E-0 
 +9.79167272E+01
+1.00071966E-0 -1.27993029E-06 +9.79947625E+01
+1.00065737E-0 
 +9.80564723E+01
+1.00063534E-0 -1.36545086E-06 +9.81458434E+01
+1.00062222E-0 
 +9.82088198E+01
+1.00059735E-0 -9.75306912E-07 +9.82987629E+01
+1.00066389E-0 
 +9.83798520E+01
+1.00065790E-0 -6.54550678E-07 +9.84646820E+01
+1.00058783E-0 
 +9.85166380E+01
+1.00057187E-0 -8.47053790E-07 +9.86019074E+01
+1.00060672E-0 
 +9.86580696E+01
+1.00060803E-0 -7.45407240E-07 +9.87600906E+01
+1.00060894E-0 
 +9.88187304E+01
+1.00061221E-0 -7.18711621E-07 +9.89127501E+01
+1.00057073E-0 
 +9.89869820E+01
+1.00059823E-0 -1.08749390E-06 +9.90483544E+01
+1.00062631E-0 
 +9.91232215E+01
+1.00059609E-0 -1.99621035E-06 +9.92050664E+01
+1.00061519E-0 
 +9.92746587E+01
+1.00058514E-0 -1.45097807E-06 +9.93589353E+01
+1.00055089E-0 
 +9.94276208E+01
+1.00052735E-0 -9.53899556E-07 +9.95050533E+01
+1.00062454E-0 
 +9.95842764E+01
+1.00057325E-0 -8.73714952E-07 +9.96801412E+01
+1.00057092E-0 
 +9.97374967E+01
+1.00057781E-0 -1.77698912E-06 +9.98201006E+01
+1.00060433E-0 
 +9.99125008E+01
+1.00057543E-0 -1.84114215E-06 +1.00002803E+02
+1.00062918E-0 
 +1.00060723E+02
+1.00063179E-0 -1.69151772E-06 +1.00157217E+02
+1.00061760E-0 
 +1.00228337E+02
+1.00062443E-0 -6.33211791E-07 +1.00334347E+02
+1.00068646E-0 
 +1.00369579E+02
+1.00061758E-0 -2.00145823E-06 +1.00495092E+02
+1.00062991E-0 
 +1.00555703E+02
+1.00059158E-0 -1.35482303E-06 +1.00650711E+02
+1.00062192E-0 
 +1.00723548E+02
+1.00063170E-0 -1.37080962E-06 +1.00833235E+02
+1.00066683E-0 
 +1.00899394E+02
+1.00069418E-0 -1.75040345E-06 +1.00988088E+02
+1.00065209E-0 
 +1.01074145E+02
+1.00064306E-0 -1.58470328E-06 +1.01188409E+02
+1.00063900E-0 
 +1.01267650E+02
+1.00063700E-0 -1.16770646E-06 +1.01354390E+02
+1.00066448E-0 
 +1.01461015E+02
+1.00064471E-0 -1.72358922E-06 +1.01550304E+02
+1.00060810E-0 
 +1.01643527E+02
+1.00069306E-0 -1.69683136E-06 +1.01728363E+02
+1.00059193E-0 
 +1.01837137E+02
+1.00062645E-0 -1.70220183E-06 +1.01931109E+02
+1.00060680E-0 
 +1.02037393E+02
+1.00065393E-0 -2.27950894E-06 +1.02146899E+02
+1.00068832E-0 
 +1.02241164E+02
+1.00061599E-0 -1.21576489E-06 +1.02356907E+02
+1.00070099E-0 
 +1.02459325E+02
+1.00068812E-0 -2.44509731E-06 +1.02568733E+02
+1.00064090E-0 
 +1.02683516E+02
+1.00061026E-0 -2.09243498E-06 +1.02808555E+02
+1.00062396E-0 
 +1.02918089E+02
+1.00064075E-0 -9.05820976E-07 +1.03058055E+02
+1.00067514E-0 
 +1.03173985E+02
+1.00071651E-0 -1.61136554E-06 +1.03317824E+02
+1.00064189E-0 
 +1.03418879E+02
+1.00063369E-0 -2.19391261E-06 +1.03562824E+02
+1.00063798E-0 
 +1.03692541E+02
+1.00066773E-0 -1.36543922E-06 +1.03854307E+02
+1.00064376E-0 
 +1.03953702E+02
+1.00062385E-0 -9.75308930E-07 +1.04110410E+02
+1.00063164E-0 
 +1.04240994E+02
+1.00061846E-0 -1.75030863E-06 +1.04385190E+02
+1.00065254E-0 
 +1.04508075E+02
+1.00067426E-0 -7.29372952E-07 +1.04660741E+02
+1.00065179E-0 
 +1.04775215E+02
+1.00070110E-0 -1.06607641E-06 +1.04917840E+02
+1.00068550E-0 
 +1.05036926E+02
+1.00067818E-0 -7.29374759E-07 +1.05182655E+02
+1.00061468E-0 
 +1.05297106E+02
+1.00064959E-0 +2.06020679E-07 +1.05444323E+02
+1.00066994E-0 
 +1.05565128E+02
+1.00066239E-0 +8.09938110E-07 +1.05692657E+02
+1.00070612E-0 
 +1.05818040E+02
+1.00062841E-0 +1.22692368E-06 +1.05965016E+02
+1.00068804E-0 
 +1.06070159E+02
+1.00072527E-0 +2.09274652E-06 +1.06203523E+02
+1.00075916E-0 
 +1.06326937E+02
+1.00075511E-0 +3.54655863E-06 +1.06466635E+02
+1.00077905E-0 
 +1.06571423E+02
+1.00070371E-0 +4.05443716E-06 +1.06705905E+02
+1.00073571E-0 
 +1.06820452E+02
+1.00074303E-0 +6.29395510E-06 +1.06959833E+02
+1.00071299E-0 
 +1.07080264E+02
+1.00072746E-0 +7.43240302E-06 +1.07205418E+02
+1.00070830E-0 
 +1.07325798E+02
+1.00076781E-0 +8.42644049E-06 +1.07465338E+02
+1.00067509E-0 
 +1.07580742E+02
+1.00070670E-0 +1.17617445E-05 +1.07715015E+02
+1.00068787E-0 
 +1.07803031E+02
+1.00071129E-0 +1.27558965E-05 +1.07966788E+02
+1.00072784E-0 
 +1.08061112E+02
+1.00069514E-0 +1.93731515E-05 +1.08559663E+02
+1.00075105E-0 
 +1.08660918E+02
+1.00068928E-0 +2.29486753E-05 +1.08819603E+02
+1.00069668E-0 
 +1.08895360E+02
+1.00069220E-0 +2.59315010E-05 +1.09031184E+02
+1.00070719E-0 
 +1.09153961E+02
+1.00068188E-0 +2.94215697E-05 +1.09294807E+02
+1.00072103E-0 
 +1.09391173E+02
+1.00072851E-0 +3.37456437E-05 +1.09512336E+02
+1.00070396E-0 
 +1.09640162E+02
+1.00066351E-0 +3.80003202E-05 +1.09753061E+02
+1.00065953E-0 
 +1.09861865E+02
+1.00069073E-0 +4.27630026E-05 +1.10009888E+02
+1.00065993E-0 
 +1.10098889E+02
+1.00067512E-0 +4.82570172E-05 +1.10238456E+02
+1.00070312E-0 
 +1.10355730E+02
+1.00066605E-0 +5.41150906E-05 +1.10482407E+02
+1.00070316E-0 
 +1.10584677E+02
+1.00072313E-0 +5.87922508E-05 +1.10705859E+02
+1.00070439E-0 
 +1.10818997E+02
+1.00066383E-0 +6.75852749E-05 +1.10944995E+02
+1.00073021E-0 
 +1.11049572E+02
+1.00073431E-0 +7.30585705E-05 +1.11171636E+02
+1.00067794E-0 
 +1.11266139E+02
+1.00066672E-0 +8.09955913E-05 +1.11404283E+02
+1.00069165E-0 
 +1.11509935E+02
+1.00069174E-0 +8.86125259E-05 +1.11618016E+02
+1.00065040E-0 
 +1.11732296E+02
+1.00068379E-0 +9.77256642E-05 +1.11852260E+02
+1.00068765E-0 
 +1.11953807E+02
+1.00067302E-0 +1.08168334E-04 +1.12081357E+02
+1.00064376E-0 
 +1.12179845E+02
+1.00060703E-0 +1.18094033E-04 +1.12313083E+02
+1.00063248E-0 
 +1.12403435E+02
+1.00064430E-0 +1.29281293E-04 +1.12524570E+02
+1.00064854E-0 
 +1.12645895E+02
+1.00067417E-0 +1.41425336E-04 +1.12754050E+02
+1.00062102E-0 
 +1.12849655E+02
+1.00064197E-0 +1.54168334E-04 +1.12977941E+02
+1.00061699E-0 
 +1.13072605E+02
+1.00065575E-0 +1.67087100E-04 +1.13197938E+02
+1.00063981E-0 
 +1.13276736E+02
+1.00065360E-0 +1.82201419E-04 +1.13404448E+02
+1.00070163E-0 
 +1.13511018E+02
+1.00067536E-0 +1.96244237E-04 +1.13625685E+02
+1.00069328E-0 
 +1.13714989E+02
+1.00059714E-0 +2.12294705E-04 +1.13820187E+02
+1.00062722E-0 
 +1.13925775E+02
+1.00067170E-0 +2.27576480E-04 +1.14024263E+02
+1.00065987E-0 
 +1.14121312E+02
+1.00066866E-0 +2.42692604E-04 +1.14219483E+02
+1.00074374E-0 
 +1.14324970E+02
+1.00074205E-0 +2.61039689E-04 +1.14438660E+02
+1.00070627E-0 
 +1.14521668E+02
+1.00069549E-0 +2.78575304E-04 +1.14634913E+02
+1.00067140E-0 
 +1.14717383E+02
+1.00064967E-0 +2.96665302E-04 +1.14849117E+02
+1.00064098E-0 
 +1.14923463E+02
+1.00061558E-0 +3.16184528E-04 +1.15043186E+02
+1.00062794E-0 
 +1.15116181E+02
+1.00060074E-0 +3.33539111E-04 +1.15217260E+02
+1.00064514E-0 
 +1.15316534E+02
+1.00066652E-0 +3.53052535E-04 +1.15414444E+02
+1.00062326E-0 
 +1.15504137E+02
+1.00061713E-0 +3.70880339E-04 +1.15613363E+02
+1.00065729E-0 
 +1.15711477E+02
+1.00065447E-0 +3.90893190E-04 +1.15808593E+02
+1.00064165E-0 
 +1.15895494E+02
+1.00066459E-0 +4.09774880E-04 +1.16013013E+02
+1.00067869E-0 
 +1.16088456E+02
+1.00059114E-0 +4.30041287E-04 +1.16184445E+02
+1.00065904E-0 
 +1.16271404E+02
+1.00063250E-0 +4.48659262E-04 +1.16365893E+02
+1.00071016E-0 
 +1.16457929E+02
+1.00064998E-0 +4.68282546E-04 +1.16555306E+02
+1.00069388E-0 
 +1.16646708E+02
+1.00068467E-0 +4.88147211E-04 +1.16762005E+02
+1.00067693E-0 
 +1.16839722E+02
+1.00066927E-0 +5.06102058E-04 +1.16941502E+02
+1.00066844E-0 
 +1.17024705E+02
+1.00064863E-0 +5.26643476E-04 +1.17137324E+02
+1.00066033E-0 
 +1.17210936E+02
+1.00067844E-0 +5.45268196E-04 +1.17311695E+02
+1.00061031E-0 
 +1.17396938E+02
+1.00059116E-0 +5.64661656E-04 +1.17499591E+02
+1.00064536E-0 
 +1.17591382E+02
+1.00059834E-0 +5.82548831E-04 +1.17683409E+02
+1.00060451E-0 
 +1.17763653E+02
+1.00057369E-0 +6.02955073E-04 +1.17881545E+02
+1.00056969E-0 
 +1.17939411E+02
+1.00059286E-0 +6.21948425E-04 +1.18053677E+02
+1.00062184E-0 
 +1.18141110E+02
+1.00062602E-0 +6.42436847E-04 +1.18234321E+02
+1.00063277E-0 
 +1.18312629E+02
+1.00062967E-0 +6.63206621E-04 +1.18417168E+02
+1.00057337E-0 
 +1.18489411E+02
+1.00055446E-0 +6.83539292E-04 +1.18594282E+02
+1.00064145E-0 
 +1.18683376E+02
+1.00057748E-0 +7.03546236E-04 +1.18768029E+02
+1.00056734E-0 
 +1.18853740E+02
+1.00063135E-0 +7.23550822E-04 +1.18949603E+02
+1.00063399E-0 
 +1.19027213E+02
+1.00063019E-0 +7.42252417E-04 +1.19122749E+02
+1.00061888E-0 
 +1.19203645E+02
+1.00061746E-0 +7.62441058E-04 +1.19305391E+02
+1.00063195E-0 
 +1.19383377E+02
+1.00067317E-0 +7.82058244E-04 +1.19474803E+02
+1.00062800E-0 
 +1.19566039E+02
+1.00060943E-0 +8.03337326E-04 +1.19659639E+02
+1.00055567E-0 
 +1.19738035E+02
+1.00063528E-0 +8.24361256E-04 +1.19833632E+02
+1.00062894E-0 
 +1.19917080E+02
+1.00061157E-0 +8.43854800E-04 +1.20004955E+02
+1.00057793E-0 
 +1.20085666E+02
+1.00060351E-0 +8.64062902E-04 +1.20171284E+02
+1.00058301E-0 
 +1.20257347E+02
+1.00067522E-0 +8.80719017E-04 +1.20347877E+02
+1.00064713E-0 
 +1.20430481E+02
+1.00057578E-0 +8.97874762E-04 +1.20547773E+02
+1.00060550E-0 
 +1.20592123E+02
+1.00058902E-0 +9.14524131E-04 +1.20708539E+02
+1.00059737E-0 
 +1.20763817E+02
+1.00057488E-0 +9.30077720E-04 +1.20880481E+02
+1.00056495E-0 
 +1.20959448E+02
+1.00060019E-0 +9.44886196E-04 +1.21061036E+02
+1.00058039E-0 
 +1.21133537E+02
+1.00062101E-0 +9.59809578E-04 +1.21230631E+02
+1.00059234E-0 
 +1.21309569E+02
+1.00059142E-0 +9.75186103E-04 +1.21390246E+02
+1.00053229E-0 
 +1.21479290E+02
+1.00057623E-0 +9.87829619E-04 +1.21582964E+02
+1.00062841E-0 
 +1.21656608E+02
+1.00062398E-0 +1.00024078E-03 +1.21744075E+02
+1.00062520E-0 
 +1.21821840E+02
+1.00059931E-0 +1.01220729E-03 +1.21925625E+02
+1.00063587E-0 
 +1.22013963E+02
+1.00065508E-0 +1.02382568E-03 +1.22100785E+02
+1.00062513E-0 
 +1.22185728E+02
